128
-1 -1 -1 -1 -1 -1 -1 -1 7 -1 -1 35 -1 14 -1 28 -1 -1 -1 -1 -1 -1 -1 -1 -1 -1 -1 -1 -1 -1 -1 14 84 -1 -1 -1 35 -1 -1 42 -1 -1 -1 98 -1 -1 -1 -1 -1 -1 -1 -1 -1 -1 -1 -1 -1 -1 -1 -1 -1 -1 -1 -1 -1 -1 -1 -1 -1 -1 91 -1 -1 -1 63 -1 -1 -1 -1 -1 -1 -1 -1 -1 -1 -1 -1 28 -1 -1 -1 -1 -1 -1 -1 -1 56 -1 -1 -1 -1 49 -1 -1 -1 -1 -1 -1 -1 -1 -1 -1 84 84 -1 -1 -1 -1 -1 28 -1 -1 -1 -1 -1 -1 -1 -1
-1 -1 77 -1 -1 -1 -1 -1 -1 -1 -1 -1 98 -1 49 -1 -1 -1 -1 -1 -1 -1 -1 -1 77 7 -1 -1 -1 70 -1 -1 -1 -1 -1 -1 -1 -1 -1 -1 -1 -1 98 63 -1 -1 98 -1 -1 -1 -1 -1 42 -1 77 -1 -1 -1 -1 -1 -1 -1 -1 -1 -1 14 -1 -1 -1 -1 -1 -1 -1 -1 -1 -1 -1 -1 -1 -1 -1 -1 -1 -1 -1 -1 -1 -1 -1 -1 49 -1 -1 -1 -1 -1 -1 49 -1 -1 -1 -1 -1 -1 -1 -1 -1 -1 -1 -1 -1 -1 -1 0 49 -1 -1 -1 -1 -1 -1 -1 -1 -1 -1 -1 -1 -1
-1 -1 -1 -1 -1 -1 -1 -1 -1 -1 -1 -1 -1 -1 -1 -1 91 -1 -1 84 -1 -1 -1 -1 -1 -1 -1 -1 -1 -1 28 -1 77 -1 -1 -1 -1 -1 -1 -1 -1 -1 -1 -1 -1 -1 -1 -1 42 -1 -1 -1 -1 -1 -1 70 -1 -1 -1 -1 -1 -1 -1 -1 -1 -1 -1 -1 -1 -1 -1 -1 -1 -1 -1 -1 -1 21 0 42 -1 14 35 -1 -1 84 -1 -1 -1 -1 -1 -1 63 -1 -1 -1 -1 7 -1 -1 -1 -1 -1 -1 -1 -1 -1 -1 -1 -1 -1 -1 -1 -1 -1 -1 -1 -1 -1 -1 -1 -1 56 -1 -1 -1 -1 -1
-1 -1 0 -1 91 -1 -1 -1 -1 -1 -1 -1 -1 -1 -1 -1 -1 63 -1 -1 42 0 28 -1 -1 84 -1 -1 98 -1 -1 -1 42 -1 -1 -1 56 -1 -1 -1 -1 -1 -1 -1 -1 70 49 -1 -1 35 -1 28 35 -1 -1 -1 -1 -1 -1 -1 35 -1 84 -1 -1 -1 14 -1 -1 -1 -1 49 -1 -1 -1 -1 -1 -1 -1 -1 -1 56 -1 -1 -1 -1 -1 -1 -1 7 -1 0 -1 -1 -1 -1 -1 -1 -1 -1 -1 -1 -1 28 -1 -1 -1 -1 -1 -1 -1 -1 -1 -1 -1 -1 -1 -1 -1 -1 -1 -1 -1 -1 -1 -1 -1 -1
42 -1 14 -1 -1 -1 -1 -1 -1 -1 -1 70 14 -1 -1 -1 56 -1 -1 7 -1 0 -1 -1 -1 -1 -1 -1 -1 -1 -1 -1 -1 35 -1 -1 -1 -1 -1 -1 -1 -1 -1 14 -1 -1 -1 -1 -1 -1 -1 21 -1 -1 -1 -1 -1 -1 -1 -1 -1 -1 -1 -1 -1 -1 -1 -1 14 -1 -1 -1 -1 -1 77 -1 -1 -1 -1 -1 -1 -1 -1 77 -1 -1 -1 -1 -1 -1 -1 -1 -1 -1 -1 -1 42 -1 -1 56 28 -1 -1 -1 -1 0 -1 -1 -1 -1 -1 -1 56 -1 -1 -1 49 -1 35 77 28 -1 -1 -1 -1 -1 -1 -1
70 -1 -1 98 91 -1 -1 42 -1 -1 42 -1 -1 -1 -1 -1 -1 -1 91 -1 -1 -1 -1 0 -1 -1 -1 -1 -1 -1 28 -1 -1 -1 -1 -1 -1 -1 -1 -1 -1 -1 -1 -1 -1 -1 -1 -1 -1 -1 -1 -1 -1 -1 -1 -1 -1 -1 -1 -1 -1 -1 -1 -1 -1 -1 -1 -1 -1 -1 -1 -1 -1 -1 -1 -1 -1 84 -1 -1 -1 -1 -1 63 -1 -1 -1 7 -1 84 -1 -1 -1 -1 -1 -1 -1 28 -1 -1 -1 -1 63 -1 -1 -1 -1 -1 -1 -1 -1 -1 -1 -1 -1 -1 -1 -1 -1 -1 -1 -1 -1 -1 -1 -1 -1 -1
-1 70 -1 -1 -1 7 -1 -1 -1 -1 -1 -1 -1 -1 -1 -1 -1 -1 -1 -1 -1 -1 -1 84 91 -1 -1 -1 -1 -1 -1 -1 -1 -1 -1 -1 -1 -1 -1 -1 -1 -1 -1 14 49 70 -1 -1 -1 98 -1 -1 42 -1 0 -1 -1 -1 -1 -1 -1 42 -1 42 -1 -1 -1 -1 -1 35 -1 -1 -1 -1 -1 -1 -1 -1 -1 -1 -1 -1 56 -1 -1 56 -1 -1 -1 -1 -1 35 -1 -1 -1 -1 -1 -1 -1 -1 28 -1 -1 -1 -1 -1 -1 -1 -1 -1 -1 -1 -1 -1 14 14 -1 -1 -1 -1 -1 0 -1 -1 -1 -1 -1 -1
-1 -1 -1 -1 -1 -1 -1 -1 -1 -1 70 -1 -1 -1 -1 -1 28 -1 -1 70 -1 -1 -1 -1 -1 -1 -1 -1 -1 -1 -1 -1 -1 -1 -1 21 -1 -1 -1 -1 -1 -1 -1 -1 77 -1 63 -1 -1 -1 -1 91 35 -1 -1 -1 -1 -1 21 -1 -1 -1 -1 -1 -1 0 -1 -1 -1 -1 -1 -1 -1 -1 -1 42 -1 -1 -1 -1 -1 -1 77 -1 -1 -1 -1 -1 -1 -1 -1 -1 -1 63 35 -1 63 56 -1 -1 -1 77 -1 0 -1 63 42 -1 -1 -1 -1 -1 -1 -1 28 49 -1 -1 -1 -1 -1 70 -1 -1 -1 63 -1 -1
-1 -1 49 -1 -1 -1 -1 -1 -1 -1 -1 -1 -1 -1 -1 28 -1 -1 -1 -1 -1 91 -1 -1 -1 -1 -1 98 70 -1 98 -1 -1 -1 -1 70 -1 14 -1 -1 -1 -1 -1 -1 14 -1 -1 -1 -1 -1 -1 -1 -1 -1 -1 -1 -1 -1 -1 -1 -1 -1 56 -1 -1 -1 -1 -1 -1 -1 -1 98 -1 -1 -1 -1 -1 -1 -1 84 -1 -1 -1 84 -1 -1 -1 -1 -1 -1 -1 -1 -1 -1 -1 -1 -1 -1 7 -1 -1 -1 7 7 70 -1 -1 -1 -1 -1 -1 -1 -1 -1 -1 -1 -1 -1 21 -1 -1 -1 28 -1 -1 -1 -1 -1
-1 42 56 -1 -1 -1 -1 -1 -1 -1 7 -1 -1 -1 -1 -1 -1 -1 -1 -1 -1 -1 -1 -1 -1 -1 -1 -1 -1 -1 -1 -1 -1 -1 -1 98 -1 -1 -1 -1 70 -1 -1 -1 7 -1 -1 -1 -1 -1 -1 63 -1 -1 -1 -1 -1 -1 -1 -1 -1 35 77 -1 -1 -1 -1 21 -1 0 -1 -1 -1 -1 -1 -1 91 -1 -1 -1 -1 -1 -1 35 -1 -1 7 -1 63 -1 -1 -1 -1 -1 -1 21 -1 -1 -1 -1 -1 -1 -1 -1 -1 -1 -1 -1 -1 -1 -1 -1 -1 56 -1 -1 -1 -1 -1 -1 -1 -1 42 0 42 -1 21 -1
-1 -1 -1 -1 -1 -1 -1 -1 -1 -1 -1 -1 -1 -1 -1 84 -1 -1 -1 -1 7 35 42 -1 -1 -1 -1 77 -1 -1 -1 35 -1 -1 7 -1 -1 -1 14 91 -1 -1 -1 -1 -1 -1 -1 28 -1 -1 -1 -1 -1 -1 -1 -1 -1 -1 -1 -1 42 0 -1 14 -1 -1 -1 -1 -1 -1 -1 -1 -1 -1 -1 -1 28 -1 -1 -1 -1 -1 7 7 14 -1 -1 -1 -1 91 -1 -1 -1 -1 -1 -1 -1 -1 -1 -1 63 -1 -1 -1 -1 -1 35 -1 -1 -1 91 -1 56 98 63 70 -1 -1 42 -1 -1 -1 -1 63 -1 -1 -1 -1
-1 -1 -1 -1 -1 -1 -1 -1 -1 42 -1 -1 -1 -1 -1 -1 -1 -1 -1 -1 -1 -1 -1 -1 -1 -1 56 -1 -1 98 28 -1 -1 0 -1 84 -1 -1 -1 -1 0 0 -1 -1 -1 -1 -1 -1 -1 -1 -1 98 -1 -1 91 56 7 -1 63 -1 98 -1 -1 -1 -1 -1 -1 0 -1 28 -1 -1 -1 -1 -1 -1 -1 98 -1 -1 -1 -1 -1 -1 -1 -1 -1 -1 -1 35 -1 -1 -1 42 35 -1 -1 -1 -1 -1 -1 -1 -1 -1 -1 -1 -1 -1 -1 -1 77 -1 -1 -1 -1 -1 -1 -1 -1 -1 -1 -1 -1 -1 -1 -1 -1 -1
-1 -1 -1 -1 -1 -1 49 -1 -1 -1 -1 -1 -1 -1 63 -1 -1 -1 -1 77 -1 42 -1 -1 -1 -1 -1 21 -1 -1 -1 -1 -1 -1 -1 -1 35 -1 -1 7 -1 77 -1 -1 -1 -1 -1 -1 -1 -1 -1 14 -1 -1 -1 -1 -1 -1 -1 -1 -1 -1 -1 -1 -1 -1 -1 -1 -1 -1 -1 -1 -1 -1 -1 -1 -1 -1 -1 -1 -1 -1 -1 -1 49 -1 28 -1 -1 49 -1 -1 49 -1 -1 -1 77 -1 -1 -1 -1 -1 -1 -1 -1 28 -1 -1 -1 -1 -1 -1 35 0 77 -1 -1 -1 -1 -1 -1 -1 -1 7 -1 -1 -1 -1
-1 -1 -1 -1 -1 -1 -1 -1 -1 -1 -1 -1 -1 -1 -1 84 -1 -1 21 -1 84 -1 -1 42 98 -1 -1 -1 -1 -1 -1 -1 -1 -1 -1 35 -1 -1 -1 -1 -1 -1 -1 -1 77 -1 98 -1 -1 -1 -1 -1 -1 -1 14 -1 -1 -1 -1 -1 -1 -1 -1 -1 -1 98 -1 -1 -1 -1 -1 -1 -1 -1 -1 -1 -1 -1 56 -1 -1 -1 84 -1 -1 -1 42 -1 -1 -1 -1 -1 21 21 -1 -1 -1 -1 -1 -1 -1 -1 -1 42 -1 -1 -1 -1 -1 -1 42 -1 35 -1 42 -1 -1 84 -1 49 -1 -1 35 -1 -1 -1 -1 -1
-1 -1 -1 -1 -1 -1 -1 -1 -1 -1 -1 -1 -1 77 -1 -1 -1 -1 -1 -1 -1 -1 -1 -1 -1 21 -1 -1 -1 -1 -1 -1 -1 -1 -1 56 -1 91 -1 -1 -1 -1 -1 -1 70 -1 -1 77 -1 -1 14 42 -1 -1 -1 -1 -1 -1 -1 -1 28 -1 -1 -1 -1 -1 -1 -1 -1 -1 -1 -1 -1 0 -1 -1 -1 -1 -1 -1 -1 -1 -1 -1 -1 -1 -1 -1 -1 -1 -1 21 -1 -1 -1 -1 -1 14 -1 -1 -1 -1 70 28 -1 21 -1 -1 -1 56 -1 -1 -1 21 63 -1 -1 77 -1 -1 -1 -1 -1 -1 -1 -1 -1 -1
98 -1 63 -1 -1 -1 -1 -1 -1 56 -1 -1 -1 -1 56 -1 -1 -1 -1 -1 -1 -1 0 -1 -1 -1 -1 -1 -1 -1 -1 -1 -1 -1 77 -1 0 -1 -1 -1 -1 -1 -1 -1 35 -1 -1 -1 -1 -1 -1 -1 42 -1 -1 -1 63 -1 -1 -1 -1 -1 -1 -1 -1 -1 -1 -1 -1 77 -1 14 -1 -1 -1 -1 -1 -1 -1 -1 -1 -1 56 -1 -1 -1 -1 -1 -1 14 -1 91 -1 -1 -1 -1 -1 84 -1 -1 14 70 -1 -1 -1 -1 -1 -1 -1 -1 -1 -1 -1 -1 -1 -1 98 -1 -1 35 -1 -1 -1 -1 -1 -1 -1 -1
28 -1 -1 42 -1 -1 -1 -1 -1 -1 49 14 -1 -1 -1 -1 -1 77 -1 -1 -1 -1 -1 -1 -1 -1 -1 -1 -1 -1 84 -1 -1 -1 -1 91 -1 -1 -1 -1 -1 28 -1 21 -1 -1 -1 -1 -1 -1 -1 -1 -1 -1 -1 28 -1 -1 -1 -1 -1 -1 -1 -1 -1 -1 -1 -1 -1 -1 -1 -1 -1 -1 -1 -1 -1 -1 -1 -1 -1 -1 -1 -1 -1 -1 -1 -1 -1 -1 -1 -1 -1 42 -1 -1 35 -1 -1 7 -1 -1 -1 -1 -1 -1 -1 -1 -1 -1 84 -1 -1 -1 -1 -1 -1 -1 -1 -1 -1 -1 91 -1 7 14 -1 -1
-1 -1 -1 -1 -1 -1 -1 -1 -1 84 -1 -1 -1 -1 -1 -1 -1 -1 -1 -1 -1 -1 -1 -1 -1 -1 -1 -1 -1 -1 -1 -1 -1 -1 63 77 -1 -1 28 -1 -1 -1 -1 -1 91 -1 21 -1 -1 42 -1 14 -1 -1 -1 -1 -1 -1 -1 -1 -1 -1 7 63 -1 -1 -1 -1 42 21 -1 98 -1 -1 -1 -1 -1 -1 28 -1 -1 -1 -1 -1 84 -1 -1 -1 -1 -1 77 -1 -1 -1 -1 -1 -1 -1 -1 -1 -1 -1 -1 -1 -1 -1 84 -1 -1 -1 -1 0 -1 -1 -1 -1 -1 -1 -1 -1 -1 63 42 -1 -1 -1 -1 -1
-1 84 -1 -1 -1 70 -1 0 -1 -1 -1 -1 -1 56 -1 -1 -1 -1 -1 -1 -1 -1 -1 -1 91 -1 -1 -1 -1 -1 -1 -1 -1 -1 91 -1 -1 -1 -1 -1 -1 -1 -1 -1 -1 -1 42 -1 -1 84 -1 -1 63 -1 -1 -1 -1 -1 -1 -1 28 -1 -1 -1 -1 -1 98 -1 -1 -1 -1 -1 -1 -1 -1 70 -1 -1 -1 -1 -1 -1 -1 77 -1 -1 84 0 -1 -1 -1 -1 -1 -1 -1 -1 -1 -1 70 21 -1 -1 -1 28 -1 -1 98 -1 -1 -1 -1 -1 -1 -1 14 -1 -1 -1 -1 -1 -1 -1 -1 84 -1 -1 -1 -1
77 42 -1 -1 -1 -1 -1 -1 -1 -1 -1 -1 -1 -1 -1 7 -1 -1 -1 -1 -1 35 -1 -1 -1 -1 -1 -1 -1 -1 14 -1 -1 49 -1 -1 -1 91 35 -1 -1 -1 -1 -1 -1 -1 -1 -1 -1 -1 -1 -1 84 -1 -1 -1 -1 -1 -1 -1 -1 -1 -1 -1 -1 -1 -1 -1 -1 -1 -1 49 21 -1 -1 -1 42 -1 -1 28 -1 -1 -1 -1 -1 63 91 -1 84 -1 -1 -1 -1 -1 -1 -1 -1 -1 -1 -1 0 56 -1 -1 -1 -1 -1 -1 -1 -1 -1 -1 -1 -1 -1 -1 -1 98 -1 -1 -1 14 -1 -1 -1 -1 -1 -1
-1 -1 49 -1 -1 -1 -1 -1 98 -1 63 -1 -1 -1 -1 -1 -1 -1 14 -1 -1 -1 -1 -1 -1 -1 -1 -1 -1 -1 -1 -1 -1 -1 -1 -1 -1 -1 91 -1 91 -1 -1 -1 -1 -1 -1 -1 -1 -1 28 -1 -1 -1 -1 -1 -1 -1 -1 -1 -1 42 -1 -1 -1 -1 77 -1 -1 -1 -1 -1 -1 -1 -1 -1 -1 -1 -1 -1 -1 -1 -1 -1 -1 -1 14 -1 -1 -1 -1 -1 77 -1 -1 -1 -1 -1 -1 -1 -1 7 -1 -1 -1 91 -1 -1 -1 -1 -1 98 -1 -1 -1 35 -1 -1 -1 -1 35 42 -1 -1 -1 -1 -1 77
-1 -1 -1 -1 -1 77 -1 -1 21 98 -1 -1 -1 -1 -1 -1 -1 -1 -1 -1 -1 -1 -1 -1 -1 -1 -1 -1 -1 -1 -1 -1 -1 -1 -1 98 -1 35 56 -1 -1 -1 -1 -1 -1 -1 -1 -1 -1 -1 -1 -1 -1 -1 -1 -1 14 -1 -1 -1 -1 -1 -1 -1 -1 -1 91 98 -1 -1 -1 84 -1 -1 -1 -1 -1 -1 -1 -1 56 -1 -1 -1 -1 -1 -1 -1 -1 -1 -1 -1 49 -1 -1 -1 -1 -1 -1 -1 -1 -1 28 -1 -1 -1 -1 -1 -1 -1 0 91 -1 -1 -1 -1 -1 84 -1 -1 -1 -1 -1 -1 -1 21 -1 -1
-1 -1 -1 -1 -1 -1 -1 56 70 -1 -1 -1 -1 28 -1 -1 -1 -1 -1 -1 -1 42 -1 84 -1 77 -1 -1 98 -1 -1 -1 -1 -1 -1 -1 21 -1 -1 -1 56 -1 -1 -1 -1 -1 -1 -1 -1 -1 -1 -1 -1 35 -1 -1 -1 -1 -1 14 -1 35 -1 -1 -1 -1 -1 -1 0 -1 -1 56 -1 7 56 -1 -1 -1 -1 -1 14 -1 70 -1 -1 -1 7 -1 -1 -1 -1 84 -1 91 -1 98 -1 -1 -1 -1 -1 -1 -1 91 -1 -1 -1 35 -1 -1 -1 -1 -1 21 63 -1 -1 -1 84 -1 -1 -1 -1 -1 -1 -1 -1 -1
-1 -1 7 -1 -1 -1 -1 -1 -1 -1 -1 -1 -1 -1 -1 -1 -1 -1 -1 -1 84 -1 -1 -1 -1 -1 -1 14 -1 -1 -1 56 -1 -1 -1 -1 -1 -1 -1 -1 -1 -1 -1 -1 -1 -1 -1 -1 -1 -1 -1 14 7 -1 -1 -1 -1 -1 -1 -1 91 -1 -1 77 -1 -1 -1 -1 -1 -1 -1 -1 49 -1 -1 -1 -1 -1 -1 63 -1 -1 -1 -1 -1 -1 -1 -1 -1 -1 -1 -1 -1 -1 14 49 -1 -1 -1 -1 -1 70 0 63 35 -1 -1 -1 49 -1 84 -1 -1 -1 -1 -1 -1 -1 -1 -1 -1 -1 -1 -1 63 -1 -1 -1
-1 -1 -1 63 -1 -1 -1 -1 -1 -1 -1 -1 -1 -1 -1 -1 -1 -1 -1 -1 -1 -1 -1 -1 -1 7 7 -1 -1 -1 -1 -1 14 -1 -1 -1 -1 -1 -1 -1 -1 -1 -1 -1 -1 -1 -1 -1 -1 -1 -1 -1 -1 -1 -1 -1 -1 -1 -1 -1 -1 -1 -1 7 -1 -1 -1 -1 -1 -1 -1 -1 -1 42 -1 -1 -1 -1 -1 -1 -1 -1 -1 28 -1 49 -1 35 -1 -1 -1 -1 -1 -1 -1 -1 -1 -1 -1 -1 -1 -1 -1 -1 -1 91 -1 -1 -1 -1 -1 -1 -1 77 -1 63 -1 -1 98 -1 -1 -1 -1 -1 -1 -1 -1 -1
70 -1 -1 -1 70 -1 -1 -1 28 -1 -1 21 -1 -1 -1 -1 -1 28 -1 -1 -1 63 49 -1 -1 -1 -1 -1 -1 -1 -1 -1 21 -1 -1 -1 -1 70 -1 -1 -1 -1 -1 -1 -1 -1 -1 -1 -1 -1 -1 -1 -1 -1 -1 -1 -1 -1 -1 -1 21 -1 -1 -1 -1 -1 -1 28 -1 -1 7 -1 -1 -1 -1 -1 -1 -1 -1 -1 -1 -1 -1 -1 -1 -1 -1 -1 -1 -1 -1 -1 -1 -1 -1 -1 -1 49 -1 -1 91 -1 -1 -1 -1 -1 42 -1 -1 -1 -1 -1 70 84 -1 -1 -1 -1 -1 -1 -1 28 -1 49 -1 -1 21 -1
-1 70 -1 -1 -1 -1 -1 98 -1 -1 -1 -1 -1 -1 -1 -1 -1 -1 -1 -1 -1 0 -1 -1 -1 -1 -1 -1 -1 -1 -1 0 -1 56 -1 91 -1 -1 -1 0 -1 -1 -1 -1 -1 -1 -1 -1 -1 -1 -1 -1 -1 -1 -1 -1 35 -1 35 -1 -1 -1 -1 -1 -1 -1 -1 42 98 -1 -1 -1 -1 -1 -1 -1 -1 -1 -1 -1 -1 -1 -1 -1 -1 -1 -1 14 -1 -1 -1 -1 -1 -1 -1 -1 -1 -1 -1 -1 -1 -1 -1 0 -1 -1 70 84 -1 56 -1 -1 -1 56 -1 -1 35 -1 -1 -1 -1 -1 98 -1 -1 -1 21 28
-1 63 -1 -1 -1 -1 -1 -1 -1 -1 0 -1 -1 28 35 -1 84 14 -1 -1 -1 -1 56 63 -1 -1 -1 -1 -1 -1 -1 -1 -1 -1 -1 -1 28 -1 -1 -1 -1 -1 -1 -1 21 -1 -1 -1 -1 -1 -1 -1 -1 -1 -1 -1 -1 -1 -1 -1 -1 -1 -1 70 -1 14 -1 -1 -1 -1 -1 -1 -1 -1 21 -1 91 -1 -1 -1 -1 84 -1 -1 70 -1 -1 -1 -1 -1 -1 -1 77 -1 -1 21 -1 -1 -1 -1 -1 14 70 -1 0 91 -1 -1 -1 -1 -1 -1 -1 49 -1 -1 91 -1 -1 -1 -1 -1 -1 -1 -1 -1 -1 -1
-1 -1 -1 -1 -1 -1 21 -1 -1 -1 -1 -1 -1 -1 -1 -1 -1 -1 -1 -1 -1 -1 -1 84 -1 -1 -1 -1 -1 -1 -1 -1 -1 -1 -1 -1 -1 -1 -1 -1 -1 -1 -1 -1 -1 -1 -1 35 21 56 -1 -1 56 -1 -1 -1 -1 -1 -1 -1 -1 -1 -1 0 -1 -1 -1 -1 -1 -1 -1 -1 -1 -1 -1 -1 -1 -1 -1 -1 -1 -1 -1 21 -1 -1 -1 -1 -1 -1 -1 7 -1 63 7 -1 -1 -1 -1 -1 -1 -1 -1 -1 -1 -1 -1 -1 -1 -1 56 -1 -1 56 -1 -1 -1 -1 -1 -1 -1 -1 -1 21 28 0 -1 -1
-1 -1 -1 -1 -1 -1 -1 -1 56 -1 -1 -1 -1 35 -1 -1 91 -1 84 -1 42 -1 -1 -1 -1 -1 -1 -1 -1 -1 -1 -1 35 -1 -1 -1 -1 -1 -1 -1 42 -1 -1 63 -1 28 -1 -1 -1 -1 -1 -1 -1 -1 -1 77 -1 -1 -1 -1 -1 49 -1 -1 -1 -1 49 -1 -1 -1 -1 -1 -1 -1 -1 -1 -1 -1 -1 -1 14 -1 -1 -1 -1 98 -1 -1 91 -1 -1 -1 -1 -1 49 -1 -1 -1 -1 -1 -1 -1 -1 70 -1 -1 -1 -1 42 56 -1 -1 -1 -1 98 -1 -1 -1 -1 7 91 -1 -1 -1 -1 -1 -1 63
-1 -1 -1 -1 -1 -1 77 -1 -1 -1 -1 63 -1 -1 -1 -1 -1 -1 -1 -1 -1 -1 -1 -1 -1 70 0 -1 -1 35 -1 91 -1 -1 98 42 -1 -1 -1 -1 -1 -1 -1 -1 -1 -1 -1 -1 -1 -1 70 -1 -1 -1 -1 -1 49 -1 -1 -1 70 -1 -1 -1 7 21 -1 -1 49 -1 -1 -1 -1 -1 -1 -1 -1 -1 -1 -1 -1 -1 -1 -1 21 -1 -1 70 -1 -1 -1 -1 -1 -1 -1 -1 49 -1 -1 98 -1 77 -1 -1 -1 -1 -1 -1 -1 -1 -1 -1 -1 -1 -1 -1 -1 -1 -1 -1 -1 -1 -1 -1 -1 -1 63 -1
35 -1 -1 -1 -1 -1 -1 -1 -1 -1 -1 -1 -1 -1 -1 -1 -1 56 -1 -1 49 21 0 -1 63 -1 -1 84 -1 -1 -1 -1 -1 -1 -1 -1 -1 -1 -1 -1 84 -1 -1 -1 -1 -1 -1 -1 -1 49 -1 -1 70 -1 -1 -1 7 -1 -1 -1 -1 77 -1 -1 0 -1 -1 63 -1 -1 70 0 -1 -1 -1 -1 63 -1 -1 35 -1 -1 -1 -1 -1 -1 -1 -1 -1 -1 91 91 -1 -1 -1 -1 -1 -1 -1 -1 -1 -1 -1 -1 -1 -1 -1 84 -1 21 -1 -1 -1 -1 -1 -1 91 -1 -1 -1 -1 56 -1 -1 -1 42 -1 -1
-1 -1 -1 -1 -1 63 -1 -1 -1 -1 28 -1 -1 0 -1 -1 -1 84 -1 -1 -1 -1 -1 -1 -1 -1 -1 -1 -1 -1 -1 -1 -1 -1 63 -1 -1 35 -1 -1 -1 -1 -1 -1 -1 -1 -1 -1 49 -1 -1 -1 -1 -1 -1 49 -1 -1 -1 63 -1 -1 -1 -1 70 -1 -1 -1 -1 -1 -1 -1 -1 -1 -1 -1 -1 -1 -1 -1 -1 -1 -1 -1 -1 -1 -1 -1 -1 -1 -1 -1 -1 77 -1 -1 -1 -1 -1 56 -1 49 -1 -1 -1 -1 -1 -1 21 -1 -1 -1 49 -1 -1 -1 -1 -1 -1 -1 -1 -1 -1 -1 -1 -1 -1 -1
49 -1 -1 -1 -1 -1 -1 -1 70 35 -1 -1 -1 -1 0 -1 -1 -1 -1 63 -1 -1 -1 -1 -1 -1 -1 -1 -1 -1 -1 -1 -1 -1 -1 -1 -1 -1 -1 -1 -1 -1 -1 -1 -1 -1 -1 -1 63 35 -1 -1 0 7 70 -1 -1 -1 -1 -1 98 -1 -1 -1 -1 -1 -1 -1 56 -1 -1 28 -1 -1 -1 -1 -1 -1 -1 42 -1 -1 -1 -1 -1 -1 -1 -1 -1 -1 -1 -1 -1 -1 -1 -1 70 -1 -1 -1 -1 -1 -1 -1 28 70 -1 7 -1 -1 -1 -1 21 -1 -1 -1 -1 -1 -1 -1 -1 -1 -1 -1 7 -1 -1 -1
-1 -1 -1 -1 -1 -1 -1 14 -1 -1 -1 -1 -1 -1 70 -1 -1 -1 -1 -1 -1 -1 -1 21 -1 -1 -1 -1 -1 -1 -1 -1 -1 -1 -1 -1 -1 -1 -1 -1 -1 -1 -1 -1 -1 -1 -1 -1 -1 -1 98 35 98 14 -1 -1 -1 -1 -1 -1 -1 -1 -1 -1 -1 28 -1 -1 -1 -1 -1 -1 -1 -1 -1 -1 14 -1 -1 -1 -1 -1 -1 -1 -1 -1 -1 -1 84 -1 -1 -1 -1 -1 77 -1 -1 -1 84 -1 -1 -1 -1 91 -1 -1 -1 -1 -1 -1 -1 -1 -1 -1 -1 -1 7 -1 -1 -1 -1 14 -1 -1 -1 98 -1 -1
77 -1 -1 70 -1 -1 -1 -1 -1 -1 -1 -1 -1 -1 -1 -1 70 -1 91 -1 -1 84 -1 -1 -1 -1 77 -1 -1 -1 -1 21 -1 -1 -1 -1 -1 -1 -1 -1 -1 -1 56 56 -1 -1 35 -1 -1 -1 -1 -1 -1 -1 -1 -1 -1 -1 -1 -1 98 -1 -1 -1 -1 -1 -1 -1 -1 -1 -1 -1 -1 -1 -1 -1 -1 -1 -1 0 14 0 -1 77 -1 -1 -1 -1 -1 21 7 -1 -1 28 14 -1 -1 70 -1 7 -1 -1 56 -1 -1 -1 -1 -1 -1 7 -1 63 -1 -1 -1 -1 -1 -1 -1 -1 -1 -1 98 -1 -1 -1 -1 -1
-1 -1 -1 -1 -1 -1 0 -1 -1 -1 -1 -1 98 -1 98 -1 -1 -1 -1 -1 -1 -1 -1 -1 -1 -1 63 -1 -1 -1 -1 -1 -1 7 -1 -1 -1 -1 -1 70 0 -1 -1 -1 -1 -1 -1 -1 -1 -1 -1 -1 -1 -1 -1 -1 -1 -1 -1 -1 84 -1 -1 -1 35 -1 -1 -1 -1 -1 42 7 -1 -1 -1 -1 -1 -1 -1 -1 -1 -1 14 63 -1 -1 -1 -1 -1 -1 -1 -1 -1 -1 -1 -1 -1 -1 -1 -1 -1 -1 -1 -1 -1 -1 -1 -1 -1 -1 91 -1 -1 -1 -1 -1 -1 28 -1 42 -1 -1 -1 -1 35 -1 -1 -1
98 -1 21 -1 -1 -1 -1 -1 -1 -1 -1 -1 -1 -1 -1 -1 98 -1 -1 -1 -1 -1 -1 -1 77 14 -1 -1 -1 -1 -1 84 -1 -1 -1 -1 -1 -1 -1 -1 -1 -1 -1 -1 -1 -1 -1 -1 35 -1 -1 -1 -1 -1 42 -1 -1 -1 -1 -1 -1 -1 -1 -1 -1 -1 -1 -1 98 -1 -1 -1 -1 -1 -1 0 -1 -1 -1 -1 -1 -1 -1 -1 -1 -1 -1 49 -1 -1 -1 -1 -1 -1 -1 -1 -1 -1 -1 -1 28 -1 -1 -1 -1 -1 -1 -1 -1 -1 70 70 -1 -1 -1 -1 -1 -1 -1 -1 -1 -1 -1 -1 -1 42 -1 -1
-1 -1 -1 -1 -1 -1 -1 -1 -1 -1 -1 0 -1 -1 -1 -1 -1 -1 -1 -1 -1 -1 42 -1 -1 -1 77 -1 -1 -1 -1 -1 -1 -1 -1 49 -1 -1 -1 -1 -1 -1 -1 -1 -1 -1 -1 42 -1 -1 -1 -1 21 -1 84 -1 -1 -1 -1 -1 98 -1 42 -1 -1 -1 -1 -1 -1 -1 -1 -1 -1 -1 -1 -1 98 -1 -1 -1 -1 -1 -1 84 -1 -1 -1 -1 -1 -1 14 -1 35 -1 -1 -1 -1 -1 -1 -1 14 -1 -1 -1 -1 -1 -1 -1 98 -1 -1 -1 35 -1 -1 -1 -1 -1 -1 7 -1 -1 -1 -1 -1 -1 -1 -1
-1 35 -1 -1 -1 -1 -1 -1 -1 -1 -1 -1 21 70 -1 -1 -1 -1 -1 -1 -1 28 -1 42 -1 -1 -1 -1 28 -1 42 -1 -1 63 -1 -1 21 -1 -1 -1 -1 -1 -1 -1 28 -1 -1 -1 -1 -1 -1 -1 -1 -1 -1 -1 -1 -1 -1 -1 -1 -1 63 -1 -1 -1 -1 -1 -1 -1 -1 -1 -1 -1 -1 -1 -1 -1 -1 -1 49 -1 -1 63 -1 -1 -1 98 -1 -1 -1 -1 -1 -1 -1 -1 -1 14 -1 -1 -1 -1 -1 -1 -1 -1 -1 7 -1 28 -1 -1 -1 -1 -1 -1 -1 -1 -1 -1 -1 -1 -1 -1 -1 -1 -1 -1
-1 -1 -1 -1 -1 -1 -1 -1 -1 -1 98 35 -1 49 -1 -1 -1 63 -1 -1 -1 -1 -1 0 -1 -1 -1 84 7 -1 -1 -1 -1 -1 -1 -1 -1 -1 -1 -1 -1 -1 -1 -1 -1 -1 -1 -1 14 -1 -1 -1 -1 -1 -1 -1 -1 -1 -1 -1 -1 -1 0 -1 -1 56 -1 -1 -1 -1 56 35 -1 -1 -1 -1 -1 -1 -1 7 -1 -1 -1 -1 77 21 -1 -1 -1 21 -1 -1 28 -1 35 -1 -1 -1 -1 -1 -1 -1 -1 -1 -1 7 -1 -1 -1 -1 -1 77 -1 -1 -1 -1 -1 -1 -1 -1 -1 -1 -1 -1 -1 -1 -1 -1
-1 -1 -1 -1 63 -1 -1 -1 -1 -1 -1 -1 98 -1 0 -1 -1 -1 -1 -1 7 -1 42 -1 -1 -1 -1 -1 -1 21 -1 -1 -1 7 -1 -1 -1 28 -1 42 -1 -1 -1 -1 91 -1 -1 -1 -1 84 -1 -1 -1 -1 -1 -1 -1 -1 -1 -1 -1 -1 -1 -1 -1 -1 -1 91 -1 77 -1 -1 -1 -1 -1 -1 -1 -1 -1 -1 -1 -1 -1 -1 -1 -1 21 -1 -1 -1 -1 -1 -1 -1 14 -1 21 -1 -1 -1 -1 -1 -1 63 63 -1 -1 -1 -1 -1 -1 -1 -1 -1 -1 -1 -1 0 -1 -1 49 0 -1 -1 28 -1 -1 -1
-1 -1 -1 56 -1 -1 -1 -1 84 -1 -1 -1 -1 -1 -1 -1 -1 -1 -1 -1 -1 -1 -1 -1 -1 -1 -1 -1 -1 -1 70 77 -1 -1 -1 -1 -1 -1 49 -1 -1 -1 -1 -1 56 -1 -1 42 -1 -1 -1 -1 -1 -1 -1 -1 -1 -1 -1 -1 -1 -1 28 42 -1 -1 -1 -1 -1 -1 -1 -1 -1 -1 -1 -1 -1 -1 -1 77 63 -1 -1 -1 -1 -1 -1 -1 -1 -1 -1 -1 -1 84 -1 -1 -1 -1 -1 -1 -1 -1 -1 -1 -1 -1 -1 -1 -1 -1 -1 -1 98 -1 -1 -1 42 -1 -1 -1 -1 -1 -1 -1 -1 -1 -1 35
-1 -1 -1 -1 49 -1 -1 91 -1 -1 -1 -1 -1 -1 -1 -1 -1 -1 -1 -1 -1 14 -1 -1 -1 98 -1 -1 -1 -1 -1 -1 -1 -1 -1 -1 -1 -1 -1 49 -1 -1 -1 -1 -1 91 -1 84 -1 -1 -1 -1 21 -1 -1 -1 -1 -1 42 49 -1 -1 21 -1 -1 -1 -1 -1 -1 -1 -1 -1 -1 -1 -1 -1 -1 -1 -1 -1 -1 -1 28 -1 -1 -1 -1 7 21 -1 56 -1 -1 -1 -1 -1 -1 -1 28 -1 -1 70 70 -1 -1 -1 -1 -1 -1 -1 -1 -1 7 -1 -1 -1 -1 -1 7 -1 -1 63 -1 -1 -1 -1 -1 -1
-1 -1 -1 -1 -1 -1 -1 -1 -1 -1 -1 -1 -1 -1 -1 -1 -1 -1 -1 -1 -1 -1 -1 -1 -1 -1 -1 -1 -1 -1 -1 -1 -1 0 -1 -1 -1 -1 -1 -1 14 -1 -1 -1 -1 -1 -1 -1 -1 -1 70 -1 -1 -1 35 -1 -1 -1 -1 -1 -1 -1 -1 -1 -1 -1 -1 84 -1 -1 -1 77 -1 -1 -1 0 -1 70 -1 -1 -1 -1 -1 -1 -1 -1 -1 -1 -1 -1 -1 -1 -1 -1 -1 -1 63 21 -1 -1 -1 -1 -1 0 -1 -1 0 -1 -1 -1 -1 -1 -1 -1 -1 -1 -1 -1 -1 -1 -1 -1 -1 -1 56 -1 -1 -1
-1 -1 -1 -1 -1 -1 21 -1 -1 21 -1 -1 -1 35 84 -1 -1 -1 -1 -1 -1 -1 -1 -1 -1 -1 -1 -1 -1 -1 -1 -1 -1 -1 7 -1 -1 -1 70 -1 -1 63 -1 -1 -1 -1 -1 -1 -1 21 -1 -1 -1 -1 -1 49 -1 -1 -1 -1 -1 -1 -1 -1 -1 -1 -1 -1 -1 -1 -1 -1 -1 -1 -1 -1 -1 -1 -1 -1 -1 -1 28 -1 -1 -1 -1 -1 -1 -1 -1 -1 -1 -1 -1 -1 -1 -1 -1 -1 -1 -1 -1 -1 -1 -1 -1 -1 -1 -1 -1 42 -1 -1 -1 -1 -1 -1 -1 -1 -1 0 -1 -1 7 7 14 -1
-1 -1 21 42 -1 14 -1 -1 -1 -1 -1 -1 -1 -1 -1 -1 -1 -1 56 -1 -1 -1 -1 -1 84 -1 -1 91 -1 -1 -1 -1 -1 -1 -1 -1 -1 -1 -1 -1 -1 -1 -1 -1 -1 -1 -1 -1 -1 63 -1 -1 -1 -1 -1 -1 -1 -1 21 -1 -1 -1 -1 -1 -1 -1 77 -1 28 -1 -1 -1 -1 14 -1 -1 -1 -1 -1 77 -1 98 -1 -1 -1 -1 -1 -1 14 77 -1 -1 -1 -1 -1 -1 -1 -1 -1 -1 -1 -1 -1 -1 -1 -1 -1 0 -1 28 77 7 -1 -1 -1 -1 14 -1 -1 28 -1 -1 70 -1 -1 -1 49 -1
-1 -1 84 14 63 49 -1 -1 -1 -1 -1 -1 -1 -1 63 -1 0 -1 -1 14 -1 -1 -1 -1 -1 -1 -1 -1 -1 -1 -1 -1 70 -1 98 -1 -1 35 -1 77 -1 0 -1 -1 63 -1 42 -1 -1 -1 -1 -1 -1 -1 -1 -1 -1 35 -1 -1 -1 -1 -1 -1 -1 -1 -1 -1 -1 -1 -1 -1 -1 -1 -1 -1 70 -1 -1 63 -1 84 -1 -1 -1 -1 -1 98 -1 -1 -1 -1 28 -1 -1 -1 -1 21 -1 -1 -1 -1 -1 70 -1 -1 -1 -1 -1 -1 -1 -1 -1 -1 -1 -1 -1 -1 -1 7 42 -1 -1 -1 -1 -1 -1 -1
-1 -1 -1 -1 -1 -1 -1 -1 21 77 -1 -1 -1 -1 -1 -1 -1 56 -1 -1 21 -1 -1 -1 -1 -1 -1 98 -1 -1 56 -1 -1 -1 -1 -1 -1 -1 14 -1 49 -1 -1 -1 -1 -1 -1 -1 -1 -1 -1 -1 -1 84 77 -1 -1 -1 -1 -1 -1 -1 -1 -1 -1 70 -1 -1 -1 -1 -1 -1 -1 -1 -1 -1 -1 -1 -1 -1 -1 -1 -1 -1 -1 -1 -1 -1 -1 -1 -1 -1 -1 -1 -1 -1 -1 -1 -1 -1 -1 -1 -1 -1 -1 -1 -1 -1 -1 0 -1 -1 -1 84 -1 -1 -1 -1 -1 -1 -1 -1 -1 -1 -1 -1 -1 -1
-1 -1 -1 77 -1 -1 -1 21 -1 -1 -1 35 -1 -1 -1 -1 -1 -1 -1 -1 -1 -1 -1 -1 28 -1 35 -1 -1 -1 -1 42 -1 -1 -1 -1 -1 -1 -1 91 -1 -1 -1 -1 -1 -1 -1 -1 -1 -1 28 -1 -1 -1 63 -1 -1 -1 -1 -1 -1 -1 -1 -1 70 42 -1 -1 28 -1 -1 -1 -1 -1 -1 -1 -1 -1 56 -1 -1 84 -1 -1 -1 -1 -1 -1 56 -1 -1 -1 -1 -1 -1 -1 7 -1 49 -1 -1 -1 56 -1 -1 -1 98 -1 -1 -1 -1 -1 -1 -1 -1 21 -1 -1 -1 -1 -1 -1 -1 -1 91 84 -1 98
-1 -1 -1 -1 56 -1 28 -1 -1 -1 -1 -1 -1 -1 77 -1 -1 7 -1 -1 -1 -1 -1 -1 -1 -1 -1 0 -1 0 -1 -1 -1 -1 -1 -1 -1 7 -1 -1 -1 -1 -1 -1 -1 -1 -1 -1 7 91 -1 -1 21 -1 -1 -1 -1 -1 -1 -1 -1 -1 -1 -1 70 -1 91 -1 -1 -1 -1 -1 70 -1 -1 -1 -1 -1 -1 -1 -1 -1 28 -1 -1 -1 0 -1 -1 -1 -1 -1 -1 -1 -1 -1 -1 -1 -1 -1 -1 -1 -1 -1 84 -1 -1 63 35 91 49 -1 -1 77 -1 -1 77 -1 -1 -1 -1 -1 -1 -1 -1 -1 -1 -1
-1 -1 -1 -1 -1 -1 -1 -1 -1 -1 -1 -1 -1 -1 -1 -1 -1 -1 70 -1 63 -1 -1 -1 -1 -1 -1 -1 -1 -1 -1 0 -1 -1 -1 -1 -1 -1 -1 -1 -1 70 -1 91 -1 -1 -1 -1 -1 49 91 -1 -1 -1 -1 -1 -1 -1 49 -1 -1 -1 42 -1 -1 -1 0 -1 -1 -1 -1 -1 -1 -1 -1 -1 -1 -1 -1 -1 -1 -1 -1 -1 28 -1 -1 -1 -1 -1 -1 -1 42 -1 14 63 -1 -1 -1 -1 -1 -1 63 -1 -1 -1 -1 -1 -1 7 -1 98 -1 -1 -1 -1 -1 21 -1 -1 -1 -1 14 -1 -1 -1 -1 -1
-1 -1 -1 -1 -1 -1 -1 -1 -1 -1 -1 -1 -1 -1 -1 -1 -1 -1 -1 -1 77 -1 -1 -1 -1 -1 -1 -1 -1 -1 -1 -1 -1 98 -1 56 -1 -1 -1 -1 -1 -1 -1 -1 -1 -1 -1 -1 98 0 -1 -1 -1 -1 -1 -1 -1 63 49 -1 -1 -1 -1 -1 -1 63 -1 -1 -1 -1 -1 -1 -1 -1 -1 70 56 -1 70 -1 -1 56 -1 -1 -1 84 -1 77 -1 -1 -1 -1 -1 -1 -1 -1 -1 -1 -1 -1 -1 -1 84 -1 -1 -1 35 -1 56 -1 -1 -1 -1 -1 -1 -1 42 56 -1 -1 -1 -1 -1 -1 -1 98 -1 -1
-1 49 -1 -1 -1 63 -1 -1 -1 -1 21 -1 -1 -1 -1 56 -1 -1 -1 49 -1 -1 91 56 77 -1 0 -1 -1 -1 -1 -1 -1 -1 -1 -1 -1 77 35 -1 -1 -1 -1 -1 -1 -1 -1 -1 56 -1 63 -1 14 -1 -1 -1 -1 -1 -1 -1 77 -1 -1 -1 -1 0 -1 -1 -1 35 -1 -1 -1 -1 -1 -1 -1 -1 -1 -1 -1 -1 -1 -1 84 -1 63 -1 -1 -1 -1 -1 -1 -1 -1 -1 -1 -1 -1 -1 -1 77 -1 -1 -1 -1 -1 -1 -1 -1 -1 -1 -1 -1 -1 -1 -1 56 28 -1 -1 -1 -1 -1 -1 -1 -1 -1
-1 -1 -1 0 -1 -1 -1 -1 -1 -1 -1 -1 -1 -1 -1 -1 -1 -1 -1 -1 -1 -1 -1 42 -1 -1 -1 -1 -1 -1 -1 -1 -1 -1 -1 -1 -1 -1 -1 -1 -1 -1 -1 -1 -1 -1 -1 -1 -1 -1 -1 -1 -1 -1 -1 -1 -1 -1 35 -1 -1 -1 -1 -1 -1 -1 -1 77 -1 -1 -1 -1 -1 -1 -1 -1 77 -1 -1 -1 -1 -1 -1 -1 -1 -1 91 -1 98 -1 -1 -1 -1 91 -1 -1 -1 -1 -1 -1 -1 -1 7 -1 -1 -1 -1 -1 -1 -1 7 -1 -1 -1 -1 -1 91 77 -1 -1 -1 -1 -1 -1 -1 -1 -1 -1
-1 -1 -1 -1 -1 -1 -1 -1 -1 -1 -1 -1 49 -1 -1 -1 -1 -1 -1 -1 -1 -1 -1 -1 -1 -1 -1 -1 21 -1 -1 -1 -1 -1 -1 -1 -1 -1 -1 0 -1 -1 0 -1 -1 84 -1 -1 -1 -1 49 49 -1 -1 -1 -1 77 -1 -1 -1 -1 14 7 -1 -1 -1 -1 -1 -1 -1 -1 -1 -1 -1 -1 -1 -1 -1 -1 63 -1 -1 -1 -1 -1 -1 -1 -1 91 -1 -1 -1 -1 -1 -1 -1 -1 -1 -1 -1 -1 -1 -1 -1 -1 21 49 98 -1 -1 -1 -1 -1 -1 21 63 -1 -1 -1 -1 -1 35 -1 -1 -1 -1 -1 -1
56 -1 -1 -1 35 -1 -1 -1 -1 -1 -1 -1 -1 84 -1 -1 63 -1 -1 -1 35 -1 -1 -1 -1 -1 -1 -1 -1 -1 -1 -1 -1 -1 -1 84 -1 -1 -1 63 -1 -1 -1 14 -1 -1 -1 -1 49 -1 91 -1 -1 -1 -1 -1 -1 -1 -1 -1 -1 -1 77 -1 -1 -1 -1 -1 -1 -1 -1 56 -1 -1 70 -1 -1 -1 -1 -1 -1 -1 -1 -1 -1 -1 -1 -1 49 14 -1 -1 -1 -1 -1 -1 -1 -1 -1 70 -1 -1 -1 -1 -1 -1 -1 -1 -1 -1 -1 0 -1 -1 -1 -1 -1 -1 -1 -1 -1 -1 -1 -1 -1 -1 -1 -1
-1 -1 28 -1 -1 -1 -1 98 7 -1 -1 -1 -1 -1 -1 -1 -1 -1 -1 -1 -1 -1 -1 -1 -1 -1 -1 -1 -1 -1 -1 -1 42 -1 -1 63 -1 91 -1 -1 -1 -1 -1 -1 -1 -1 -1 -1 -1 -1 42 -1 -1 -1 21 -1 -1 -1 -1 -1 -1 -1 -1 -1 -1 -1 42 -1 -1 -1 -1 -1 -1 28 -1 -1 14 -1 -1 -1 42 -1 -1 56 -1 -1 -1 -1 -1 77 77 -1 -1 -1 21 -1 -1 63 -1 -1 -1 -1 -1 -1 -1 -1 -1 -1 -1 56 -1 -1 -1 -1 -1 -1 -1 -1 56 -1 -1 -1 -1 56 -1 -1 -1 -1
-1 -1 -1 -1 -1 14 -1 -1 -1 -1 -1 -1 -1 -1 -1 91 -1 56 -1 0 -1 -1 -1 -1 -1 -1 -1 -1 -1 -1 -1 -1 -1 -1 -1 -1 -1 -1 -1 -1 -1 -1 -1 -1 -1 -1 -1 -1 -1 -1 28 77 -1 -1 -1 -1 42 56 -1 -1 -1 21 -1 -1 -1 -1 -1 -1 -1 -1 -1 84 42 35 -1 -1 -1 42 28 -1 -1 -1 -1 -1 -1 -1 35 -1 -1 -1 -1 -1 -1 -1 7 -1 -1 -1 -1 -1 -1 35 -1 -1 70 35 -1 -1 77 56 -1 63 -1 70 -1 -1 -1 -1 -1 -1 -1 14 -1 -1 -1 -1 35 -1
-1 -1 21 -1 -1 -1 -1 -1 -1 -1 -1 -1 -1 -1 -1 -1 84 -1 -1 -1 -1 -1 -1 -1 -1 -1 -1 -1 -1 21 -1 70 -1 -1 -1 0 -1 -1 -1 -1 -1 -1 -1 -1 -1 -1 0 -1 -1 -1 -1 -1 35 -1 -1 -1 -1 -1 -1 -1 -1 -1 -1 14 -1 -1 14 -1 -1 -1 -1 -1 -1 -1 -1 -1 84 -1 -1 63 -1 -1 -1 91 -1 -1 -1 -1 -1 -1 -1 -1 35 -1 -1 -1 -1 -1 -1 -1 98 -1 -1 -1 -1 -1 -1 -1 -1 -1 -1 -1 -1 -1 -1 -1 -1 -1 -1 -1 -1 -1 -1 -1 -1 -1 -1 -1
-1 -1 -1 -1 -1 -1 70 28 -1 -1 -1 -1 -1 42 63 -1 -1 -1 -1 -1 -1 -1 -1 -1 -1 -1 -1 70 56 0 -1 -1 -1 -1 70 -1 -1 -1 -1 -1 -1 14 -1 -1 -1 91 -1 -1 -1 -1 -1 -1 -1 -1 -1 -1 -1 -1 49 -1 -1 -1 -1 -1 -1 -1 -1 -1 -1 91 35 84 -1 63 -1 -1 -1 -1 -1 -1 -1 -1 -1 -1 -1 91 -1 -1 -1 -1 -1 -1 0 -1 -1 -1 -1 -1 -1 -1 -1 -1 -1 -1 -1 -1 98 -1 -1 -1 56 -1 -1 -1 -1 70 -1 -1 -1 -1 -1 -1 -1 -1 -1 -1 -1 77
-1 -1 -1 -1 -1 -1 63 -1 -1 -1 56 42 -1 -1 -1 -1 -1 -1 -1 -1 -1 -1 -1 -1 -1 -1 -1 -1 -1 70 -1 42 -1 -1 -1 -1 -1 -1 -1 0 -1 -1 -1 -1 63 -1 -1 -1 -1 -1 -1 -1 -1 -1 -1 -1 -1 -1 -1 -1 -1 -1 -1 -1 -1 -1 -1 -1 -1 -1 -1 -1 -1 -1 -1 -1 -1 28 -1 -1 -1 -1 -1 -1 -1 -1 56 -1 -1 -1 -1 -1 0 -1 -1 -1 -1 -1 -1 -1 -1 98 -1 84 -1 35 -1 -1 -1 -1 -1 -1 -1 -1 -1 -1 -1 -1 -1 -1 -1 -1 -1 -1 -1 -1 -1 -1
-1 -1 -1 -1 -1 -1 -1 -1 -1 -1 98 -1 -1 84 70 -1 -1 -1 -1 35 -1 -1 -1 -1 -1 -1 -1 84 -1 -1 -1 -1 -1 35 -1 -1 -1 -1 -1 -1 -1 -1 -1 -1 -1 -1 -1 -1 -1 -1 -1 -1 -1 -1 56 -1 -1 77 -1 -1 -1 -1 -1 -1 -1 -1 -1 -1 28 7 -1 -1 -1 -1 -1 -1 -1 -1 -1 -1 -1 -1 -1 42 0 21 -1 -1 98 -1 -1 -1 -1 -1 -1 -1 -1 -1 -1 28 -1 -1 56 -1 -1 -1 -1 -1 91 -1 -1 -1 49 -1 -1 49 -1 -1 14 -1 -1 -1 7 -1 -1 -1 -1 -1
-1 -1 -1 -1 -1 -1 84 -1 56 -1 -1 -1 -1 -1 -1 -1 70 -1 -1 -1 -1 -1 56 -1 -1 -1 -1 -1 -1 -1 -1 70 -1 28 -1 -1 -1 -1 -1 -1 -1 42 -1 -1 -1 -1 -1 -1 -1 -1 -1 -1 -1 -1 -1 -1 -1 21 -1 -1 -1 -1 -1 -1 -1 -1 -1 -1 49 -1 -1 -1 14 14 -1 -1 -1 63 -1 -1 -1 -1 -1 0 -1 14 -1 42 35 -1 -1 -1 -1 -1 7 -1 -1 -1 -1 -1 -1 -1 -1 -1 -1 56 -1 -1 -1 -1 -1 -1 -1 91 -1 -1 -1 -1 -1 -1 -1 -1 -1 -1 -1 -1 -1 -1
-1 -1 -1 -1 -1 -1 -1 -1 -1 -1 -1 -1 -1 -1 -1 -1 -1 -1 -1 -1 42 -1 -1 -1 -1 7 -1 21 -1 -1 -1 -1 -1 -1 -1 -1 -1 -1 -1 -1 70 -1 -1 28 -1 -1 -1 -1 -1 -1 -1 -1 -1 -1 -1 -1 -1 -1 -1 -1 -1 -1 7 -1 -1 -1 -1 -1 -1 -1 70 -1 -1 -1 -1 -1 -1 -1 -1 -1 -1 -1 -1 -1 -1 -1 98 -1 -1 -1 -1 -1 -1 -1 -1 -1 -1 -1 35 -1 -1 -1 -1 -1 -1 -1 -1 -1 -1 -1 -1 -1 -1 -1 -1 49 -1 -1 -1 -1 -1 -1 63 -1 -1 -1 -1 -1
-1 -1 -1 -1 -1 -1 -1 14 -1 -1 7 35 70 -1 28 -1 7 -1 28 -1 -1 -1 -1 -1 -1 -1 -1 -1 -1 56 -1 91 -1 49 -1 -1 42 -1 -1 -1 -1 -1 -1 -1 -1 -1 -1 -1 -1 -1 -1 -1 14 -1 -1 -1 -1 -1 -1 -1 -1 -1 -1 -1 -1 -1 -1 49 -1 -1 -1 -1 -1 35 -1 -1 -1 -1 -1 -1 -1 -1 -1 -1 -1 -1 -1 77 -1 -1 -1 14 -1 -1 -1 -1 -1 -1 42 49 -1 -1 -1 42 -1 -1 0 -1 -1 -1 -1 -1 -1 -1 -1 -1 -1 -1 -1 -1 -1 -1 -1 -1 -1 -1 28 56
-1 70 -1 -1 -1 -1 -1 -1 28 -1 -1 -1 -1 -1 -1 -1 -1 7 -1 -1 -1 42 -1 -1 -1 -1 -1 -1 -1 -1 -1 -1 -1 98 -1 -1 -1 -1 -1 -1 -1 21 -1 -1 -1 -1 49 42 -1 0 -1 -1 -1 -1 -1 -1 -1 -1 77 -1 -1 -1 -1 -1 -1 -1 -1 -1 -1 -1 98 -1 -1 -1 -1 -1 -1 -1 -1 -1 -1 -1 -1 7 -1 -1 -1 -1 49 -1 -1 -1 -1 0 -1 -1 -1 -1 -1 -1 -1 -1 -1 -1 -1 -1 -1 -1 56 -1 -1 -1 14 -1 -1 -1 -1 -1 -1 -1 -1 -1 -1 -1 -1 -1 -1 -1
28 -1 -1 -1 -1 -1 -1 -1 49 -1 -1 -1 -1 -1 -1 -1 77 -1 -1 -1 84 -1 -1 91 -1 -1 -1 -1 -1 -1 -1 -1 -1 -1 -1 -1 42 -1 7 -1 -1 -1 -1 63 -1 -1 -1 -1 84 -1 -1 -1 -1 63 -1 14 -1 -1 91 -1 -1 -1 -1 77 91 -1 -1 -1 -1 84 -1 -1 -1 -1 -1 -1 -1 -1 -1 -1 -1 -1 -1 -1 63 77 -1 -1 -1 -1 -1 -1 -1 -1 -1 -1 56 63 -1 -1 -1 -1 -1 -1 -1 -1 -1 -1 -1 -1 -1 -1 -1 -1 14 49 -1 -1 -1 28 -1 -1 -1 21 -1 -1 -1 -1
-1 -1 -1 -1 -1 -1 -1 -1 -1 -1 -1 -1 -1 -1 -1 -1 -1 -1 49 -1 -1 -1 -1 -1 -1 -1 -1 -1 -1 -1 -1 -1 -1 -1 49 -1 -1 -1 -1 -1 -1 -1 -1 -1 -1 -1 -1 -1 -1 -1 -1 -1 -1 -1 -1 -1 -1 -1 28 -1 -1 -1 -1 -1 -1 -1 -1 -1 -1 -1 -1 -1 -1 -1 -1 -1 -1 -1 -1 -1 -1 -1 28 -1 -1 -1 -1 -1 -1 -1 -1 -1 -1 -1 28 -1 -1 -1 28 -1 -1 -1 -1 42 -1 77 28 -1 -1 -1 28 -1 -1 -1 -1 -1 -1 -1 -1 49 -1 -1 -1 -1 -1 -1 -1 42
0 -1 -1 -1 -1 -1 -1 -1 -1 -1 -1 -1 -1 -1 -1 -1 -1 -1 -1 -1 -1 -1 -1 -1 -1 -1 -1 -1 -1 -1 -1 -1 -1 -1 98 -1 -1 -1 -1 -1 -1 -1 -1 -1 -1 14 -1 -1 -1 -1 -1 -1 -1 49 -1 -1 -1 -1 -1 -1 -1 -1 -1 -1 -1 28 -1 -1 -1 -1 -1 70 -1 -1 21 -1 -1 -1 -1 -1 -1 -1 28 49 -1 -1 -1 -1 -1 -1 -1 -1 -1 -1 21 -1 -1 -1 -1 91 -1 -1 -1 0 0 35 -1 -1 -1 -1 -1 77 70 -1 -1 -1 -1 -1 -1 -1 -1 -1 -1 -1 -1 -1 98 -1
-1 -1 -1 -1 -1 -1 0 -1 -1 -1 42 -1 77 -1 -1 -1 -1 -1 -1 -1 -1 -1 28 -1 -1 -1 70 -1 -1 -1 -1 35 -1 -1 -1 -1 -1 -1 -1 -1 -1 98 -1 35 -1 -1 -1 -1 -1 -1 63 -1 -1 -1 -1 -1 -1 -1 -1 -1 -1 14 -1 91 -1 -1 -1 -1 -1 -1 -1 -1 -1 -1 -1 0 -1 -1 63 -1 -1 -1 -1 -1 -1 -1 -1 -1 -1 -1 91 -1 -1 -1 -1 49 -1 -1 -1 -1 -1 -1 -1 -1 77 -1 -1 -1 70 -1 -1 -1 -1 7 -1 -1 -1 -1 -1 -1 98 -1 -1 -1 -1 21 -1 63
-1 -1 -1 -1 56 91 -1 -1 -1 -1 -1 -1 0 -1 21 -1 -1 -1 -1 -1 -1 84 -1 -1 -1 -1 -1 -1 -1 -1 42 -1 -1 -1 -1 -1 -1 91 -1 -1 -1 91 -1 -1 -1 -1 -1 -1 98 -1 -1 -1 -1 -1 -1 -1 -1 49 -1 -1 -1 98 -1 -1 -1 -1 -1 -1 -1 -1 -1 -1 -1 -1 -1 -1 -1 -1 -1 -1 -1 -1 49 -1 -1 -1 -1 -1 -1 -1 -1 -1 -1 84 -1 -1 -1 -1 91 -1 -1 -1 -1 -1 -1 21 -1 -1 -1 -1 -1 -1 -1 -1 -1 -1 -1 -1 -1 -1 -1 -1 -1 -1 -1 56 -1 -1
-1 -1 -1 -1 -1 35 -1 -1 56 -1 -1 -1 56 -1 -1 -1 -1 -1 91 -1 -1 -1 -1 -1 -1 35 -1 -1 91 -1 -1 -1 -1 -1 -1 -1 -1 -1 -1 -1 -1 -1 -1 -1 42 -1 -1 -1 35 0 -1 -1 84 -1 -1 -1 -1 -1 -1 -1 -1 -1 -1 63 -1 84 -1 -1 77 -1 -1 -1 -1 -1 -1 -1 -1 -1 -1 -1 -1 -1 -1 -1 -1 28 -1 49 -1 0 -1 -1 -1 -1 -1 -1 -1 -1 0 -1 -1 -1 35 -1 -1 -1 -1 -1 -1 -1 -1 -1 -1 -1 -1 -1 -1 -1 -1 -1 -1 -1 -1 -1 -1 -1 -1 -1
7 -1 42 -1 -1 77 -1 -1 -1 -1 -1 -1 -1 63 -1 -1 -1 -1 49 -1 -1 -1 -1 77 -1 -1 -1 -1 -1 70 42 -1 -1 -1 -1 -1 14 -1 -1 -1 -1 -1 91 -1 -1 -1 0 98 -1 -1 -1 7 84 -1 -1 -1 77 -1 42 -1 -1 84 70 -1 -1 -1 -1 -1 -1 70 -1 -1 -1 -1 -1 -1 -1 -1 21 -1 -1 -1 -1 63 21 -1 -1 -1 -1 -1 -1 -1 -1 -1 -1 -1 -1 -1 -1 -1 -1 -1 -1 -1 -1 -1 21 -1 -1 42 -1 -1 -1 -1 -1 -1 -1 -1 -1 -1 -1 -1 -1 -1 -1 -1 -1 -1
84 -1 -1 -1 -1 -1 -1 -1 -1 -1 91 -1 -1 -1 -1 28 56 -1 -1 -1 -1 7 -1 -1 -1 -1 98 49 -1 -1 -1 -1 -1 84 -1 -1 -1 7 -1 -1 -1 -1 63 -1 -1 -1 -1 -1 -1 -1 -1 -1 -1 -1 -1 -1 -1 -1 -1 -1 42 -1 -1 -1 -1 -1 -1 -1 -1 -1 -1 -1 -1 -1 -1 -1 35 -1 -1 91 -1 70 -1 -1 -1 -1 -1 -1 -1 -1 -1 -1 -1 -1 -1 -1 -1 -1 -1 -1 -1 -1 98 -1 -1 56 -1 -1 -1 98 -1 -1 -1 -1 -1 -1 35 -1 -1 -1 21 -1 -1 -1 -1 -1 -1 -1
-1 -1 -1 -1 -1 77 -1 -1 -1 63 -1 -1 -1 0 -1 -1 -1 -1 -1 -1 -1 -1 -1 -1 -1 -1 49 -1 -1 -1 -1 -1 -1 -1 -1 -1 -1 63 -1 -1 -1 -1 -1 91 -1 -1 -1 -1 -1 -1 -1 -1 -1 -1 49 -1 -1 -1 -1 -1 -1 -1 -1 -1 -1 -1 14 -1 -1 -1 63 -1 -1 -1 -1 -1 -1 -1 -1 -1 -1 -1 -1 -1 -1 -1 49 14 -1 -1 -1 98 -1 -1 63 -1 7 77 -1 -1 -1 -1 -1 -1 -1 -1 -1 -1 -1 70 -1 -1 28 -1 -1 -1 -1 -1 -1 63 -1 -1 -1 21 -1 -1 14 -1
-1 -1 -1 -1 -1 -1 -1 -1 -1 -1 0 -1 -1 -1 -1 -1 -1 98 -1 -1 -1 -1 -1 49 -1 -1 70 98 -1 -1 -1 14 -1 70 -1 -1 -1 -1 -1 -1 -1 -1 -1 -1 0 -1 -1 -1 -1 -1 -1 -1 -1 7 -1 -1 -1 -1 -1 -1 -1 84 -1 -1 -1 -1 -1 -1 -1 -1 98 -1 -1 -1 49 -1 -1 -1 -1 -1 -1 -1 -1 -1 -1 -1 -1 -1 -1 -1 -1 -1 -1 -1 -1 91 -1 -1 -1 28 -1 -1 -1 56 -1 -1 -1 -1 -1 -1 -1 -1 70 -1 -1 -1 -1 14 -1 -1 -1 7 -1 -1 -1 91 -1 21
-1 91 49 56 -1 -1 -1 -1 -1 -1 0 -1 70 -1 -1 -1 -1 -1 98 -1 -1 -1 -1 -1 -1 -1 70 -1 63 -1 14 14 -1 -1 70 -1 -1 35 -1 -1 -1 -1 -1 -1 49 -1 -1 7 -1 -1 -1 -1 -1 -1 -1 98 -1 -1 91 -1 -1 -1 -1 -1 -1 35 -1 -1 -1 -1 -1 35 28 -1 70 -1 -1 -1 -1 -1 -1 -1 -1 84 -1 84 -1 -1 -1 -1 -1 -1 -1 -1 35 7 -1 -1 -1 -1 -1 0 -1 -1 -1 -1 -1 -1 -1 -1 -1 -1 -1 -1 98 -1 -1 -1 -1 -1 -1 -1 -1 -1 -1 -1 -1 -1
-1 -1 -1 -1 -1 -1 98 -1 -1 -1 -1 -1 -1 35 -1 -1 -1 -1 84 -1 -1 49 -1 -1 -1 -1 -1 -1 84 -1 -1 -1 -1 -1 -1 -1 -1 -1 -1 -1 -1 -1 -1 -1 -1 -1 -1 -1 -1 -1 -1 -1 42 -1 -1 -1 -1 -1 21 -1 -1 77 -1 -1 56 -1 -1 -1 98 -1 -1 -1 -1 -1 -1 42 -1 -1 -1 -1 -1 -1 7 28 -1 -1 42 -1 -1 -1 91 -1 -1 -1 -1 -1 -1 -1 -1 -1 -1 -1 -1 14 -1 -1 -1 -1 -1 -1 -1 -1 -1 -1 63 -1 -1 -1 -1 -1 -1 -1 -1 -1 77 -1 -1 -1
-1 -1 -1 -1 -1 -1 -1 -1 -1 70 -1 -1 -1 -1 -1 -1 -1 -1 -1 -1 -1 -1 -1 91 -1 -1 -1 -1 -1 -1 -1 -1 -1 -1 -1 -1 -1 14 -1 56 -1 -1 -1 -1 -1 -1 -1 -1 -1 -1 -1 -1 -1 -1 84 -1 -1 -1 -1 98 -1 -1 -1 -1 -1 -1 -1 -1 -1 -1 -1 -1 -1 91 -1 -1 -1 -1 -1 -1 -1 -1 -1 42 -1 -1 -1 -1 -1 -1 -1 -1 -1 0 -1 -1 -1 -1 -1 35 -1 -1 -1 -1 -1 -1 -1 -1 -1 -1 -1 -1 91 -1 -1 -1 -1 -1 -1 -1 -1 -1 -1 -1 -1 -1 -1 -1
-1 -1 -1 -1 -1 -1 -1 -1 -1 -1 -1 -1 77 -1 -1 -1 -1 84 -1 28 -1 -1 -1 -1 -1 -1 -1 -1 91 7 -1 -1 -1 -1 -1 -1 -1 -1 -1 -1 -1 -1 -1 -1 -1 -1 -1 91 -1 -1 -1 -1 -1 -1 -1 98 -1 -1 -1 -1 -1 91 -1 -1 -1 28 -1 -1 -1 -1 -1 -1 -1 -1 -1 -1 77 -1 -1 -1 -1 -1 -1 -1 -1 -1 -1 -1 -1 21 77 42 -1 -1 -1 -1 -1 -1 -1 -1 -1 -1 42 -1 -1 -1 -1 -1 21 -1 -1 -1 -1 -1 -1 -1 21 14 14 -1 35 -1 -1 0 -1 -1 -1 -1
-1 -1 -1 -1 7 -1 77 -1 -1 -1 -1 0 -1 -1 -1 -1 -1 -1 -1 -1 -1 -1 -1 28 -1 14 -1 -1 -1 -1 -1 -1 21 -1 -1 -1 -1 -1 21 -1 -1 -1 -1 -1 -1 -1 -1 -1 -1 -1 -1 -1 -1 56 -1 -1 70 -1 -1 -1 -1 -1 -1 84 84 -1 -1 -1 -1 -1 21 70 -1 -1 -1 -1 -1 84 -1 -1 77 -1 98 -1 42 -1 -1 -1 -1 -1 -1 70 -1 -1 -1 -1 -1 -1 -1 -1 -1 -1 28 -1 -1 -1 -1 -1 84 -1 -1 -1 -1 70 -1 -1 -1 28 -1 -1 -1 -1 42 -1 -1 -1 -1 -1
-1 -1 -1 -1 -1 -1 -1 -1 -1 -1 -1 -1 -1 -1 -1 -1 -1 -1 -1 -1 -1 -1 -1 84 28 -1 56 -1 -1 -1 -1 -1 84 -1 7 -1 -1 14 -1 -1 -1 -1 -1 -1 -1 -1 -1 -1 -1 -1 7 -1 -1 -1 -1 -1 -1 -1 -1 -1 -1 -1 -1 -1 -1 -1 -1 -1 -1 -1 -1 -1 63 56 -1 -1 -1 -1 -1 -1 -1 -1 -1 -1 -1 7 -1 -1 -1 -1 -1 -1 70 -1 -1 -1 -1 -1 -1 -1 -1 -1 -1 42 -1 -1 -1 56 -1 -1 -1 -1 -1 -1 21 -1 -1 -1 14 -1 -1 -1 -1 -1 -1 -1 -1 -1
-1 -1 -1 -1 70 -1 70 -1 -1 -1 -1 -1 -1 49 -1 -1 21 -1 -1 -1 -1 -1 63 -1 -1 -1 35 -1 -1 -1 -1 49 -1 -1 -1 -1 -1 -1 -1 -1 -1 -1 -1 -1 -1 -1 -1 63 -1 -1 -1 -1 -1 -1 -1 -1 -1 -1 -1 -1 14 -1 -1 49 28 -1 -1 -1 -1 -1 0 -1 -1 0 -1 7 -1 -1 -1 42 21 42 -1 -1 -1 -1 -1 -1 -1 56 -1 -1 -1 -1 -1 -1 -1 -1 -1 -1 -1 -1 -1 -1 -1 -1 56 -1 -1 -1 -1 -1 -1 -1 -1 -1 84 -1 0 -1 35 -1 28 -1 -1 -1 -1 63
-1 -1 -1 -1 -1 98 -1 -1 91 77 -1 -1 -1 -1 -1 -1 -1 -1 -1 -1 21 -1 -1 -1 -1 -1 -1 -1 -1 -1 42 -1 -1 -1 -1 -1 -1 -1 -1 -1 -1 -1 -1 63 -1 -1 49 -1 -1 -1 7 -1 -1 -1 -1 -1 -1 -1 -1 -1 -1 -1 -1 -1 -1 91 -1 49 -1 -1 -1 -1 -1 -1 -1 -1 -1 -1 63 -1 -1 -1 -1 -1 -1 -1 -1 -1 21 -1 -1 -1 -1 -1 -1 -1 -1 -1 -1 -1 70 -1 -1 63 -1 -1 -1 -1 77 -1 -1 -1 -1 -1 -1 -1 -1 77 -1 -1 -1 -1 -1 -1 -1 -1 -1 -1
-1 -1 -1 49 -1 -1 -1 -1 -1 91 -1 28 -1 -1 -1 -1 -1 -1 -1 -1 -1 -1 -1 -1 70 -1 -1 -1 84 -1 -1 -1 -1 -1 -1 -1 -1 -1 -1 -1 14 -1 -1 -1 -1 -1 56 49 -1 -1 -1 -1 -1 -1 63 -1 63 -1 -1 -1 -1 -1 -1 -1 -1 21 -1 -1 -1 -1 -1 -1 -1 -1 -1 -1 70 -1 -1 42 14 -1 -1 -1 -1 -1 -1 -1 -1 -1 -1 -1 -1 -1 63 -1 -1 -1 -1 -1 -1 -1 -1 7 -1 -1 -1 -1 -1 -1 -1 28 -1 -1 -1 -1 -1 42 -1 -1 21 -1 -1 -1 -1 35 -1 -1
-1 -1 -1 -1 -1 28 -1 -1 -1 -1 -1 -1 -1 -1 -1 -1 49 -1 -1 -1 -1 91 0 -1 -1 -1 -1 -1 -1 -1 -1 -1 -1 -1 -1 -1 42 -1 -1 -1 -1 -1 -1 -1 -1 -1 -1 -1 -1 21 -1 -1 -1 -1 -1 -1 -1 -1 -1 -1 -1 -1 -1 77 -1 -1 -1 -1 -1 -1 -1 -1 -1 -1 -1 35 -1 -1 35 -1 -1 63 -1 -1 -1 -1 -1 98 -1 84 -1 -1 -1 21 -1 7 35 -1 -1 -1 -1 -1 -1 -1 77 -1 -1 -1 0 -1 -1 -1 -1 -1 -1 -1 -1 -1 -1 -1 14 -1 -1 -1 -1 -1 -1 56
-1 -1 -1 -1 -1 -1 -1 -1 -1 -1 -1 -1 -1 28 -1 -1 -1 -1 -1 -1 -1 84 -1 -1 -1 -1 -1 -1 -1 -1 -1 -1 56 -1 28 -1 -1 -1 -1 -1 -1 -1 -1 -1 -1 -1 -1 -1 -1 -1 35 49 -1 91 -1 -1 -1 63 -1 -1 -1 -1 -1 -1 -1 -1 -1 7 -1 -1 -1 -1 -1 -1 -1 -1 70 -1 -1 -1 84 21 -1 -1 -1 -1 -1 -1 -1 -1 0 -1 21 -1 -1 -1 -1 -1 -1 -1 49 -1 -1 -1 -1 -1 -1 -1 -1 -1 -1 -1 -1 -1 -1 -1 -1 -1 -1 -1 -1 -1 -1 -1 -1 -1 -1 -1
-1 -1 -1 -1 -1 -1 -1 -1 -1 -1 -1 -1 -1 -1 -1 -1 56 -1 -1 21 -1 -1 -1 -1 -1 -1 -1 -1 -1 49 -1 -1 -1 -1 -1 -1 -1 -1 -1 -1 -1 -1 -1 -1 -1 -1 -1 -1 -1 -1 -1 -1 49 -1 -1 -1 -1 -1 -1 -1 -1 -1 -1 -1 -1 -1 70 -1 -1 -1 -1 -1 98 -1 -1 -1 -1 -1 -1 0 -1 70 -1 -1 -1 -1 -1 -1 -1 -1 -1 -1 -1 -1 -1 -1 -1 -1 -1 -1 21 -1 -1 -1 -1 7 -1 7 7 -1 -1 -1 -1 -1 -1 -1 -1 -1 98 28 -1 -1 -1 -1 -1 -1 -1 -1
-1 -1 -1 84 -1 -1 56 -1 -1 -1 98 -1 70 -1 -1 -1 -1 -1 -1 -1 70 -1 -1 -1 -1 -1 -1 -1 63 -1 56 -1 -1 -1 -1 -1 84 -1 -1 -1 -1 -1 -1 -1 -1 -1 -1 -1 -1 -1 -1 -1 -1 70 -1 -1 -1 -1 -1 -1 -1 -1 -1 -1 -1 98 -1 -1 -1 -1 -1 -1 -1 -1 -1 -1 -1 42 -1 91 -1 -1 -1 -1 -1 -1 -1 14 14 -1 -1 98 98 -1 -1 -1 -1 -1 -1 -1 -1 -1 -1 -1 7 -1 -1 -1 -1 -1 91 -1 -1 -1 -1 -1 -1 28 -1 -1 -1 -1 -1 98 -1 -1 -1 -1
-1 -1 -1 -1 -1 -1 -1 -1 -1 -1 56 -1 84 -1 -1 -1 7 -1 -1 -1 7 -1 -1 -1 -1 -1 56 -1 -1 -1 -1 -1 -1 -1 -1 -1 -1 7 -1 -1 -1 28 -1 -1 -1 -1 -1 -1 -1 -1 -1 -1 -1 -1 -1 77 14 -1 -1 -1 -1 -1 -1 91 -1 -1 -1 56 -1 -1 -1 -1 -1 -1 -1 -1 -1 -1 -1 63 -1 -1 -1 -1 -1 49 98 -1 56 -1 -1 35 -1 0 -1 56 -1 -1 -1 -1 -1 -1 98 -1 -1 -1 -1 -1 -1 -1 -1 84 -1 -1 -1 -1 -1 -1 35 -1 -1 -1 -1 -1 -1 0 -1 -1
-1 -1 91 -1 -1 -1 63 -1 -1 -1 -1 -1 -1 -1 -1 -1 84 -1 -1 -1 -1 28 42 -1 -1 -1 -1 -1 -1 7 -1 -1 -1 0 -1 -1 42 7 -1 -1 -1 7 -1 -1 -1 -1 -1 -1 -1 -1 -1 -1 -1 -1 -1 -1 -1 -1 -1 -1 -1 -1 -1 -1 -1 -1 77 -1 -1 -1 -1 -1 56 14 -1 -1 -1 70 28 -1 -1 -1 -1 -1 -1 -1 -1 -1 -1 -1 98 -1 -1 -1 14 -1 56 -1 -1 42 91 21 -1 -1 -1 -1 -1 -1 7 -1 -1 -1 -1 -1 -1 -1 -1 -1 56 -1 -1 -1 -1 -1 35 -1 77 -1
-1 84 -1 -1 -1 91 42 -1 -1 -1 -1 -1 21 -1 -1 14 49 -1 7 -1 -1 -1 -1 -1 -1 -1 -1 -1 -1 -1 -1 -1 70 91 84 28 -1 -1 -1 -1 -1 -1 -1 -1 -1 -1 84 14 -1 -1 -1 -1 -1 7 -1 -1 84 42 -1 21 28 -1 -1 -1 -1 -1 -1 -1 -1 -1 -1 -1 -1 -1 -1 84 -1 -1 -1 -1 -1 -1 -1 -1 -1 98 -1 -1 -1 -1 -1 21 -1 -1 -1 -1 49 -1 -1 -1 -1 -1 -1 -1 -1 -1 -1 -1 -1 -1 -1 -1 -1 56 -1 -1 -1 -1 -1 -1 -1 -1 -1 -1 -1 -1 -1 -1
-1 -1 -1 -1 -1 -1 -1 -1 -1 -1 -1 -1 7 -1 -1 -1 7 -1 -1 14 -1 -1 -1 91 -1 -1 84 -1 -1 -1 -1 28 -1 -1 -1 -1 -1 -1 -1 -1 -1 -1 -1 -1 -1 -1 -1 -1 -1 -1 -1 -1 -1 -1 -1 -1 -1 -1 -1 -1 -1 98 -1 -1 -1 -1 -1 -1 -1 -1 -1 -1 -1 -1 70 98 -1 -1 -1 -1 28 -1 -1 -1 -1 -1 -1 -1 -1 -1 28 56 -1 -1 -1 -1 -1 -1 -1 84 -1 -1 -1 -1 -1 -1 -1 -1 -1 -1 -1 -1 -1 63 -1 84 -1 70 -1 -1 -1 -1 -1 -1 0 -1 -1 -1
-1 7 -1 -1 -1 14 -1 -1 -1 -1 -1 -1 -1 -1 -1 -1 -1 -1 63 -1 -1 -1 -1 -1 98 -1 -1 -1 -1 -1 -1 -1 -1 -1 -1 98 -1 -1 -1 -1 -1 -1 -1 -1 -1 -1 -1 -1 -1 -1 -1 -1 -1 49 -1 -1 -1 -1 -1 -1 -1 -1 14 -1 -1 -1 -1 -1 -1 -1 -1 -1 -1 -1 -1 -1 -1 -1 -1 35 -1 -1 -1 -1 -1 -1 -1 -1 -1 -1 -1 14 -1 -1 -1 -1 -1 -1 -1 -1 -1 -1 -1 -1 -1 -1 -1 -1 -1 -1 -1 -1 -1 -1 -1 -1 -1 -1 -1 -1 91 -1 -1 56 -1 -1 -1 35
-1 42 -1 -1 -1 -1 -1 -1 -1 -1 -1 91 -1 -1 56 -1 -1 0 -1 -1 -1 -1 -1 -1 -1 -1 -1 49 -1 -1 84 -1 -1 -1 84 49 -1 -1 -1 56 -1 -1 -1 -1 -1 56 -1 -1 -1 -1 -1 -1 -1 -1 -1 -1 -1 -1 -1 0 -1 -1 -1 -1 -1 -1 -1 -1 -1 -1 -1 -1 -1 -1 -1 -1 -1 -1 -1 -1 -1 -1 -1 -1 -1 -1 -1 -1 -1 -1 -1 -1 91 -1 -1 -1 -1 -1 -1 98 -1 -1 -1 -1 -1 -1 -1 -1 -1 -1 -1 -1 -1 -1 -1 -1 -1 -1 -1 -1 -1 -1 -1 -1 -1 -1 -1 -1
-1 -1 -1 -1 -1 -1 42 21 -1 91 -1 -1 -1 -1 -1 -1 -1 -1 -1 42 -1 -1 -1 -1 -1 84 -1 -1 -1 -1 84 -1 -1 -1 49 -1 -1 -1 -1 -1 -1 -1 -1 -1 21 63 -1 -1 -1 -1 14 35 -1 -1 91 -1 -1 70 -1 -1 -1 -1 28 -1 -1 77 -1 -1 -1 -1 -1 -1 -1 -1 -1 -1 -1 -1 -1 -1 -1 -1 -1 -1 -1 -1 -1 -1 -1 14 -1 -1 -1 91 -1 -1 -1 -1 -1 -1 91 28 -1 -1 -1 -1 -1 -1 -1 -1 77 -1 -1 -1 -1 -1 -1 -1 -1 -1 -1 -1 -1 -1 -1 -1 -1 7
-1 -1 -1 -1 -1 -1 -1 -1 -1 63 -1 -1 -1 77 49 -1 -1 -1 -1 -1 -1 63 -1 -1 -1 -1 28 98 -1 -1 -1 -1 -1 -1 -1 70 -1 -1 -1 -1 -1 -1 -1 63 -1 -1 -1 -1 70 -1 70 -1 70 -1 -1 -1 -1 -1 -1 -1 -1 -1 -1 28 -1 -1 -1 70 49 -1 -1 -1 77 91 -1 42 7 -1 -1 -1 -1 -1 -1 -1 -1 -1 -1 -1 -1 -1 -1 98 14 63 -1 -1 -1 -1 -1 -1 -1 -1 -1 -1 7 -1 -1 -1 -1 -1 -1 -1 -1 14 14 42 -1 -1 -1 -1 -1 -1 91 -1 -1 70 -1 -1
0 7 -1 -1 -1 63 -1 -1 98 -1 -1 -1 -1 -1 -1 -1 -1 -1 -1 -1 -1 -1 -1 -1 -1 -1 -1 -1 -1 -1 -1 -1 0 -1 -1 -1 -1 -1 -1 -1 -1 -1 84 77 7 -1 -1 -1 -1 -1 -1 -1 7 84 -1 -1 -1 -1 7 -1 -1 -1 35 -1 -1 -1 -1 -1 70 -1 -1 -1 -1 -1 -1 -1 -1 -1 70 -1 -1 -1 -1 -1 -1 35 -1 -1 -1 -1 -1 -1 -1 -1 -1 -1 42 -1 -1 -1 -1 -1 -1 -1 -1 -1 -1 -1 -1 -1 -1 -1 -1 -1 -1 -1 -1 70 -1 -1 -1 -1 -1 -1 -1 -1 14 -1
-1 -1 -1 -1 -1 -1 -1 -1 -1 14 -1 -1 63 -1 -1 91 -1 -1 -1 42 -1 -1 -1 -1 56 -1 -1 -1 -1 -1 35 -1 -1 -1 -1 -1 -1 -1 -1 -1 -1 -1 -1 -1 -1 28 -1 -1 -1 -1 -1 -1 -1 -1 -1 -1 -1 -1 -1 -1 7 -1 -1 -1 -1 7 -1 -1 -1 -1 -1 -1 -1 -1 -1 -1 -1 -1 -1 -1 -1 -1 -1 -1 77 28 -1 -1 21 -1 -1 -1 35 -1 -1 -1 -1 -1 -1 -1 -1 42 -1 -1 -1 98 -1 -1 -1 -1 0 -1 -1 -1 -1 28 14 -1 -1 -1 -1 -1 -1 -1 -1 35 -1 7
-1 -1 -1 -1 -1 -1 -1 -1 -1 -1 -1 -1 -1 -1 -1 -1 -1 56 -1 -1 49 -1 -1 -1 -1 -1 -1 -1 -1 -1 -1 -1 -1 -1 -1 -1 -1 -1 -1 -1 -1 -1 -1 -1 -1 -1 7 -1 -1 -1 -1 -1 -1 -1 -1 -1 7 -1 -1 -1 91 -1 -1 -1 -1 -1 -1 -1 -1 -1 -1 -1 -1 -1 -1 -1 -1 -1 -1 -1 -1 -1 49 -1 14 -1 -1 21 -1 63 -1 35 -1 -1 -1 -1 -1 -1 91 -1 -1 14 -1 -1 -1 -1 7 21 -1 -1 -1 -1 -1 -1 -1 -1 -1 -1 -1 21 -1 -1 56 -1 -1 -1 77 -1
-1 21 -1 -1 35 42 -1 -1 -1 -1 -1 -1 -1 -1 -1 -1 -1 -1 -1 -1 -1 -1 -1 -1 -1 -1 -1 -1 -1 -1 -1 -1 -1 -1 -1 -1 -1 -1 -1 63 -1 -1 -1 21 -1 -1 -1 70 63 42 -1 70 -1 -1 -1 -1 -1 -1 14 -1 -1 -1 -1 56 21 -1 -1 -1 -1 -1 -1 70 -1 -1 -1 -1 -1 -1 -1 -1 -1 -1 -1 -1 -1 -1 -1 56 -1 -1 -1 -1 -1 91 -1 56 -1 21 -1 91 -1 -1 -1 -1 -1 -1 -1 -1 -1 -1 -1 -1 -1 -1 -1 -1 -1 7 -1 -1 -1 7 -1 -1 98 -1 -1 -1
7 0 21 -1 -1 35 -1 70 -1 -1 -1 -1 -1 -1 14 -1 -1 -1 -1 -1 -1 -1 -1 -1 -1 -1 -1 -1 -1 -1 -1 -1 35 -1 -1 -1 -1 -1 -1 -1 -1 -1 -1 -1 -1 -1 -1 0 -1 -1 -1 -1 -1 -1 98 -1 -1 -1 -1 -1 49 -1 -1 -1 -1 -1 -1 -1 -1 -1 -1 -1 -1 -1 -1 -1 -1 -1 -1 -1 -1 -1 -1 -1 -1 -1 -1 -1 -1 21 -1 -1 -1 -1 -1 -1 -1 -1 -1 -1 21 -1 -1 -1 -1 -1 -1 -1 35 -1 -1 -1 -1 -1 70 -1 -1 -1 -1 -1 -1 -1 -1 -1 -1 -1 -1 -1
-1 -1 -1 -1 -1 -1 -1 -1 -1 -1 -1 70 -1 98 14 -1 -1 -1 -1 -1 -1 -1 -1 49 -1 -1 70 -1 56 -1 -1 -1 -1 -1 -1 -1 -1 -1 -1 35 -1 -1 -1 -1 -1 -1 -1 -1 -1 -1 -1 -1 -1 49 -1 -1 -1 -1 84 -1 -1 -1 -1 -1 91 -1 -1 -1 -1 -1 -1 -1 -1 -1 -1 -1 7 49 -1 -1 -1 91 -1 -1 -1 -1 -1 -1 -1 63 -1 21 -1 -1 -1 -1 -1 -1 -1 -1 -1 -1 -1 -1 -1 -1 -1 -1 -1 -1 7 -1 63 -1 -1 56 -1 -1 -1 -1 -1 -1 -1 -1 -1 -1 -1 -1
-1 -1 -1 -1 -1 -1 -1 -1 -1 14 -1 84 -1 -1 -1 -1 -1 -1 -1 -1 -1 -1 -1 -1 -1 28 -1 -1 -1 -1 -1 -1 -1 -1 -1 -1 -1 -1 -1 21 -1 -1 -1 -1 -1 49 -1 84 -1 -1 84 -1 -1 -1 -1 -1 -1 -1 -1 -1 -1 -1 -1 -1 -1 -1 -1 -1 -1 28 -1 70 -1 -1 -1 -1 -1 -1 98 -1 -1 -1 -1 -1 21 -1 84 -1 -1 -1 56 -1 -1 -1 -1 -1 -1 91 -1 -1 -1 -1 -1 -1 -1 -1 -1 -1 -1 -1 77 -1 -1 28 -1 -1 -1 -1 -1 -1 -1 -1 -1 98 -1 -1 -1 -1
91 -1 -1 14 -1 28 -1 -1 -1 70 -1 -1 -1 -1 -1 -1 -1 -1 -1 -1 -1 -1 -1 -1 56 -1 -1 -1 -1 -1 -1 -1 -1 -1 -1 -1 7 -1 -1 14 -1 -1 -1 -1 0 -1 56 -1 42 -1 -1 -1 -1 -1 -1 49 -1 -1 -1 -1 42 -1 42 -1 -1 -1 -1 -1 -1 -1 49 -1 14 -1 -1 14 -1 -1 -1 -1 -1 -1 -1 -1 77 -1 -1 -1 42 -1 -1 -1 -1 -1 -1 -1 -1 -1 -1 -1 -1 -1 42 -1 -1 -1 42 -1 -1 -1 77 -1 -1 -1 -1 -1 -1 -1 -1 -1 -1 91 -1 -1 -1 -1 -1 -1
-1 -1 -1 -1 -1 -1 -1 -1 -1 -1 -1 98 -1 -1 -1 -1 -1 42 -1 -1 -1 -1 -1 -1 -1 -1 -1 21 -1 -1 21 -1 -1 -1 -1 7 -1 84 -1 -1 -1 -1 -1 -1 98 84 -1 -1 -1 -1 0 -1 -1 -1 21 56 91 -1 77 -1 -1 98 -1 -1 -1 -1 -1 49 -1 -1 -1 0 -1 -1 -1 42 0 -1 -1 -1 -1 -1 0 -1 -1 21 -1 -1 -1 -1 -1 -1 35 -1 -1 -1 -1 -1 -1 -1 91 -1 -1 -1 -1 49 -1 -1 -1 -1 -1 -1 -1 98 -1 -1 -1 -1 -1 -1 -1 -1 -1 -1 -1 -1 -1 14
-1 -1 -1 -1 -1 -1 49 -1 -1 -1 -1 -1 -1 -1 -1 -1 91 -1 -1 -1 -1 -1 -1 -1 -1 -1 -1 -1 -1 -1 -1 -1 -1 -1 -1 -1 -1 70 -1 -1 -1 -1 0 -1 -1 -1 -1 -1 98 -1 -1 -1 28 91 7 -1 35 -1 -1 70 -1 -1 -1 -1 -1 -1 35 -1 -1 -1 -1 -1 28 -1 -1 -1 -1 -1 -1 -1 -1 14 -1 -1 -1 -1 -1 -1 -1 -1 14 -1 98 91 -1 56 -1 -1 98 56 -1 -1 -1 -1 -1 -1 -1 -1 77 28 -1 -1 -1 -1 -1 -1 -1 -1 -1 -1 -1 -1 49 -1 -1 -1 -1 -1
-1 -1 -1 -1 -1 -1 -1 -1 -1 -1 -1 -1 -1 -1 -1 -1 42 -1 -1 -1 -1 -1 -1 63 -1 -1 -1 -1 -1 21 -1 -1 -1 -1 -1 77 -1 -1 98 -1 -1 -1 63 -1 -1 -1 -1 -1 -1 -1 -1 -1 -1 -1 -1 7 -1 -1 -1 -1 -1 -1 -1 -1 -1 -1 -1 -1 -1 -1 -1 70 -1 -1 -1 -1 -1 -1 7 -1 -1 -1 0 -1 -1 -1 -1 -1 -1 14 -1 -1 -1 -1 -1 77 -1 -1 -1 -1 -1 -1 0 -1 35 -1 -1 -1 -1 -1 -1 -1 -1 77 -1 -1 -1 -1 49 -1 -1 -1 -1 -1 49 -1 -1 -1
-1 -1 -1 -1 -1 -1 -1 -1 -1 -1 -1 28 -1 -1 7 -1 42 -1 -1 -1 -1 42 -1 -1 -1 -1 -1 -1 -1 21 -1 -1 -1 -1 -1 -1 -1 -1 42 -1 -1 -1 -1 -1 -1 -1 -1 -1 -1 -1 -1 -1 -1 -1 -1 -1 -1 -1 -1 -1 -1 -1 21 63 -1 -1 -1 -1 -1 -1 21 -1 -1 -1 -1 -1 -1 -1 -1 -1 -1 -1 -1 -1 42 70 -1 -1 -1 -1 -1 -1 -1 -1 91 -1 -1 -1 -1 -1 49 -1 -1 -1 -1 -1 -1 -1 -1 -1 -1 84 -1 -1 -1 -1 -1 -1 -1 -1 -1 -1 -1 -1 -1 -1 -1 -1
21 -1 -1 70 -1 -1 -1 49 -1 -1 -1 -1 -1 -1 -1 -1 -1 -1 -1 -1 -1 -1 14 -1 49 -1 -1 -1 -1 42 -1 -1 -1 63 -1 -1 -1 -1 14 42 -1 -1 -1 -1 -1 -1 7 -1 7 -1 -1 -1 -1 -1 -1 -1 56 -1 -1 -1 21 -1 63 -1 -1 -1 -1 -1 -1 -1 42 -1 -1 -1 -1 -1 98 -1 -1 -1 -1 -1 -1 -1 0 -1 -1 -1 -1 -1 84 -1 70 0 -1 -1 -1 -1 -1 42 -1 -1 -1 -1 77 -1 -1 28 -1 -1 -1 -1 -1 -1 91 -1 -1 -1 -1 -1 -1 -1 -1 -1 -1 -1 -1 -1
-1 70 84 -1 -1 -1 -1 -1 -1 -1 -1 49 -1 14 -1 -1 -1 -1 84 -1 63 -1 -1 -1 28 -1 -1 -1 -1 -1 -1 -1 -1 70 -1 -1 -1 -1 -1 -1 -1 -1 21 -1 14 7 70 -1 -1 -1 -1 -1 70 49 -1 -1 -1 -1 -1 -1 -1 -1 77 7 -1 42 -1 -1 49 -1 -1 -1 -1 -1 -1 21 -1 -1 -1 -1 -1 -1 -1 -1 42 84 -1 -1 -1 -1 -1 -1 -1 -1 14 -1 -1 -1 -1 -1 -1 -1 -1 -1 63 -1 -1 -1 -1 -1 -1 -1 -1 35 -1 -1 -1 -1 -1 -1 -1 84 -1 -1 -1 -1 -1 -1
-1 -1 -1 -1 -1 -1 -1 -1 -1 -1 -1 -1 -1 -1 -1 42 -1 -1 -1 -1 -1 -1 -1 -1 -1 -1 -1 42 0 -1 -1 -1 -1 -1 -1 -1 70 98 -1 49 -1 -1 -1 -1 -1 -1 -1 56 84 7 -1 -1 -1 63 -1 -1 14 -1 -1 14 -1 -1 -1 70 -1 56 49 -1 7 -1 -1 -1 -1 -1 91 -1 -1 -1 -1 -1 -1 -1 -1 -1 -1 -1 -1 -1 -1 -1 42 -1 -1 -1 -1 -1 -1 84 -1 -1 -1 -1 63 -1 -1 -1 -1 -1 42 -1 -1 -1 -1 -1 -1 -1 -1 -1 -1 -1 -1 -1 -1 -1 -1 -1 -1 -1
-1 -1 -1 49 -1 56 -1 -1 -1 -1 -1 -1 -1 -1 -1 -1 -1 -1 -1 -1 -1 77 -1 -1 28 -1 -1 -1 -1 -1 -1 -1 -1 -1 -1 -1 63 -1 -1 -1 -1 -1 -1 28 -1 -1 -1 -1 -1 -1 -1 -1 -1 -1 -1 42 -1 -1 -1 -1 42 -1 -1 -1 -1 -1 -1 -1 -1 -1 -1 -1 -1 -1 98 -1 56 14 -1 -1 -1 -1 -1 -1 -1 21 7 -1 -1 -1 0 -1 -1 -1 -1 77 -1 0 -1 -1 -1 -1 -1 -1 -1 -1 -1 -1 -1 -1 -1 -1 -1 -1 -1 -1 63 -1 -1 7 -1 -1 -1 -1 98 7 -1 42
-1 -1 -1 -1 -1 -1 -1 -1 -1 -1 -1 -1 -1 -1 -1 42 -1 77 -1 21 -1 -1 -1 -1 91 -1 -1 -1 -1 -1 84 -1 -1 -1 -1 -1 -1 -1 -1 -1 35 -1 -1 -1 -1 -1 -1 -1 -1 -1 -1 -1 -1 -1 -1 -1 7 -1 -1 -1 -1 -1 -1 -1 -1 -1 -1 -1 -1 -1 -1 -1 -1 -1 -1 -1 -1 -1 -1 63 49 -1 -1 -1 70 84 -1 -1 84 -1 -1 -1 -1 -1 -1 -1 -1 98 -1 -1 70 -1 -1 -1 -1 -1 -1 -1 -1 84 -1 35 -1 -1 -1 -1 -1 -1 -1 -1 -1 -1 -1 -1 -1 -1 -1 -1
-1 -1 56 -1 -1 -1 -1 14 -1 84 -1 -1 21 21 -1 -1 -1 -1 -1 -1 -1 -1 -1 -1 -1 28 -1 -1 -1 -1 -1 -1 -1 -1 91 -1 -1 -1 -1 -1 -1 -1 -1 -1 -1 -1 -1 0 -1 -1 -1 -1 -1 -1 -1 -1 21 -1 -1 14 -1 42 -1 -1 -1 -1 -1 21 -1 -1 -1 56 -1 91 91 14 -1 -1 -1 -1 -1 49 -1 -1 42 77 -1 63 -1 -1 77 -1 -1 -1 -1 -1 -1 -1 -1 -1 -1 -1 -1 -1 77 -1 -1 -1 35 -1 -1 -1 -1 -1 -1 -1 -1 -1 -1 7 -1 -1 -1 -1 -1 -1 -1 -1
-1 14 -1 -1 -1 -1 -1 -1 -1 -1 -1 -1 -1 -1 -1 -1 -1 -1 -1 -1 14 -1 -1 -1 -1 -1 -1 -1 -1 -1 -1 -1 -1 -1 70 -1 -1 -1 -1 14 98 -1 -1 -1 35 -1 -1 -1 -1 -1 -1 -1 -1 -1 -1 -1 -1 -1 -1 -1 91 -1 -1 -1 -1 -1 -1 63 -1 -1 77 -1 -1 -1 98 -1 28 -1 63 -1 -1 -1 35 -1 35 14 63 -1 -1 -1 -1 0 -1 -1 -1 70 63 -1 -1 -1 -1 63 -1 -1 -1 -1 -1 -1 -1 -1 -1 -1 -1 -1 -1 -1 -1 -1 -1 -1 -1 -1 -1 -1 -1 -1 -1 42
-1 -1 84 -1 -1 -1 -1 -1 -1 -1 -1 49 -1 -1 -1 -1 -1 -1 -1 -1 -1 -1 -1 -1 -1 -1 -1 -1 -1 -1 -1 -1 -1 -1 -1 98 84 84 -1 -1 -1 0 -1 -1 -1 -1 -1 -1 -1 -1 -1 -1 -1 42 98 -1 -1 -1 -1 -1 -1 -1 -1 -1 -1 7 -1 -1 91 -1 -1 -1 0 -1 -1 -1 -1 -1 35 -1 91 -1 -1 -1 -1 -1 77 -1 -1 63 -1 0 -1 49 -1 14 -1 -1 -1 -1 -1 -1 -1 -1 -1 -1 -1 -1 -1 -1 -1 -1 -1 -1 -1 -1 -1 -1 -1 -1 -1 -1 -1 -1 -1 -1 -1 -1
-1 -1 -1 -1 -1 -1 84 -1 -1 -1 -1 -1 -1 0 -1 -1 -1 -1 -1 -1 -1 -1 -1 77 21 -1 -1 -1 -1 -1 -1 -1 21 -1 -1 14 -1 -1 -1 -1 -1 -1 -1 -1 -1 -1 -1 -1 -1 -1 -1 -1 70 -1 56 -1 -1 -1 -1 -1 -1 -1 -1 -1 -1 -1 -1 -1 -1 -1 63 -1 -1 91 -1 77 -1 56 -1 -1 -1 -1 -1 98 -1 -1 42 -1 -1 -1 -1 -1 -1 49 -1 -1 -1 77 -1 -1 35 -1 -1 -1 -1 -1 -1 -1 -1 -1 0 -1 -1 -1 -1 -1 -1 -1 -1 -1 -1 -1 -1 91 -1 -1 -1 -1
-1 -1 -1 -1 -1 -1 -1 -1 -1 21 -1 -1 -1 -1 -1 -1 -1 -1 -1 -1 -1 -1 -1 -1 -1 -1 -1 -1 -1 -1 -1 -1 -1 -1 -1 -1 56 -1 -1 -1 -1 -1 -1 -1 7 -1 63 -1 -1 -1 42 -1 -1 -1 -1 -1 -1 -1 -1 -1 -1 -1 -1 -1 -1 -1 56 -1 -1 -1 -1 -1 56 -1 -1 63 -1 -1 -1 14 -1 7 -1 63 -1 -1 -1 98 -1 -1 -1 28 -1 -1 -1 -1 -1 -1 -1 -1 -1 70 -1 -1 -1 -1 -1 -1 -1 -1 -1 -1 -1 -1 -1 84 91 -1 35 -1 -1 -1 -1 -1 -1 -1 -1 98
-1 -1 -1 -1 -1 -1 -1 -1 63 21 28 -1 -1 -1 -1 -1 -1 -1 -1 -1 -1 -1 -1 -1 -1 -1 -1 -1 -1 -1 -1 -1 -1 91 35 -1 -1 -1 -1 49 -1 -1 -1 -1 77 -1 -1 -1 -1 -1 -1 -1 -1 -1 -1 -1 -1 -1 98 -1 -1 -1 -1 -1 -1 -1 -1 -1 63 -1 -1 -1 -1 -1 -1 -1 -1 -1 -1 -1 -1 91 -1 -1 63 -1 -1 28 -1 -1 -1 -1 -1 -1 -1 -1 -1 -1 -1 -1 63 -1 35 -1 -1 -1 -1 49 -1 14 -1 -1 -1 -1 -1 -1 -1 91 49 -1 -1 -1 49 -1 -1 -1 14 -1
-1 -1 -1 -1 -1 0 28 -1 -1 -1 7 -1 -1 -1 -1 -1 -1 -1 -1 -1 -1 -1 -1 -1 -1 -1 -1 -1 -1 -1 -1 -1 -1 -1 -1 -1 -1 -1 -1 -1 -1 -1 -1 -1 -1 -1 98 35 -1 -1 -1 -1 14 -1 -1 -1 98 -1 -1 -1 -1 -1 -1 -1 -1 -1 -1 -1 -1 -1 -1 -1 -1 -1 -1 -1 -1 -1 -1 -1 -1 0 -1 -1 -1 -1 -1 -1 -1 98 -1 -1 -1 49 -1 -1 7 -1 -1 -1 -1 -1 28 -1 -1 91 -1 -1 -1 -1 -1 49 98 -1 -1 -1 -1 -1 -1 63 -1 -1 28 49 -1 -1 -1 -1
-1 -1 -1 -1 -1 -1 -1 -1 -1 -1 42 -1 -1 -1 -1 0 -1 -1 -1 -1 -1 -1 -1 14 98 -1 -1 -1 -1 -1 -1 -1 -1 -1 -1 -1 -1 -1 -1 -1 -1 91 7 -1 -1 -1 -1 -1 -1 -1 -1 -1 -1 -1 -1 42 -1 7 -1 -1 -1 42 49 -1 -1 -1 -1 -1 -1 -1 -1 -1 -1 -1 -1 -1 -1 -1 -1 -1 0 -1 -1 -1 -1 -1 -1 -1 -1 -1 -1 -1 -1 -1 -1 -1 -1 0 98 -1 -1 -1 21 63 -1 -1 -1 -1 -1 0 -1 -1 -1 -1 -1 -1 -1 -1 -1 0 -1 -1 -1 -1 -1 -1 56 -1
-1 -1 -1 -1 -1 -1 -1 -1 0 -1 -1 -1 -1 -1 -1 -1 91 -1 -1 -1 -1 28 -1 -1 -1 -1 -1 -1 -1 -1 -1 -1 -1 -1 -1 63 -1 -1 -1 -1 63 -1 -1 -1 -1 -1 -1 -1 -1 -1 -1 -1 28 0 -1 -1 49 -1 -1 -1 -1 -1 -1 -1 -1 7 -1 -1 -1 -1 91 -1 28 -1 -1 -1 -1 77 14 98 77 -1 -1 -1 -1 -1 -1 -1 -1 -1 63 -1 49 -1 -1 -1 -1 14 -1 -1 -1 -1 -1 -1 -1 21 -1 -1 -1 77 0 -1 -1 -1 -1 -1 -1 -1 -1 -1 -1 -1 -1 -1 -1 -1 -1 -1
-1 -1 -1 28 -1 98 -1 -1 -1 28 -1 -1 -1 -1 -1 -1 -1 -1 -1 -1 14 -1 -1 -1 -1 -1 84 -1 -1 -1 -1 -1 -1 -1 -1 -1 84 -1 -1 -1 -1 63 -1 42 -1 35 -1 -1 -1 84 -1 -1 -1 -1 70 -1 84 -1 -1 -1 77 -1 -1 -1 -1 -1 -1 -1 -1 -1 -1 -1 7 -1 -1 -1 -1 -1 0 -1 42 -1 -1 -1 -1 -1 -1 -1 -1 -1 -1 -1 70 -1 -1 -1 -1 -1 -1 -1 -1 -1 -1 -1 -1 -1 -1 -1 -1 -1 -1 91 -1 -1 -1 -1 -1 -1 -1 -1 91 -1 -1 -1 -1 -1 -1 21
-1 -1 -1 -1 -1 -1 -1 -1 -1 -1 -1 -1 -1 -1 -1 -1 -1 56 -1 -1 -1 -1 -1 -1 -1 -1 -1 77 -1 -1 -1 -1 -1 -1 -1 -1 -1 -1 -1 -1 -1 -1 -1 21 -1 -1 -1 -1 -1 -1 -1 -1 84 -1 -1 -1 -1 -1 -1 -1 -1 -1 -1 -1 -1 -1 -1 -1 -1 -1 -1 -1 -1 -1 -1 -1 -1 -1 -1 28 -1 -1 -1 -1 0 -1 -1 -1 -1 -1 -1 -1 -1 -1 -1 -1 -1 98 -1 -1 -1 -1 -1 -1 -1 -1 -1 -1 -1 91 63 56 -1 -1 -1 -1 -1 77 -1 -1 -1 -1 -1 -1 -1 -1 -1 -1
-1 -1 -1 7 56 -1 -1 -1 -1 -1 -1 -1 -1 -1 -1 98 -1 -1 0 84 -1 -1 -1 -1 0 -1 -1 -1 -1 -1 -1 98 -1 -1 -1 -1 -1 -1 91 -1 -1 -1 -1 -1 -1 -1 -1 -1 -1 -1 -1 -1 -1 -1 -1 -1 -1 35 -1 -1 -1 -1 -1 -1 -1 -1 77 -1 -1 -1 -1 -1 -1 -1 -1 -1 -1 -1 7 -1 -1 -1 -1 -1 -1 -1 -1 -1 -1 -1 63 -1 -1 -1 63 77 -1 -1 -1 -1 -1 -1 -1 -1 -1 -1 -1 -1 -1 14 -1 -1 -1 -1 -1 -1 -1 -1 -1 -1 -1 -1 -1 -1 -1 56 -1 49
49 -1 -1 -1 -1 -1 28 -1 -1 35 70 -1 -1 -1 -1 28 -1 -1 -1 -1 -1 -1 -1 35 -1 -1 -1 -1 -1 -1 0 -1 -1 -1 56 -1 -1 -1 35 -1 -1 -1 56 -1 -1 -1 -1 -1 -1 0 -1 28 14 -1 -1 -1 -1 28 -1 28 -1 -1 -1 77 -1 -1 -1 -1 -1 -1 -1 -1 -1 -1 -1 -1 -1 -1 -1 -1 -1 -1 -1 -1 70 -1 -1 -1 -1 -1 -1 -1 -1 -1 -1 -1 -1 56 -1 -1 -1 -1 -1 -1 -1 35 42 91 -1 -1 -1 -1 -1 77 49 -1 -1 -1 -1 -1 -1 -1 -1 -1 -1 -1 -1 -1
