16
-1 73 63 19 38 34 51 37 5 37 45 39 2 51 10 42
80 -1 36 7 54 55 12 55 34 69 10 17 48 49 99 38
22 62 -1 13 48 60 2 5 49 99 45 51 2 7 46 82
97 34 41 -1 90 53 58 76 75 69 94 23 18 93 61 92
7 70 57 55 -1 59 61 31 10 58 83 13 65 81 95 14
15 89 17 57 42 -1 34 17 45 80 92 15 25 5 7 32
75 65 39 9 76 0 -1 87 10 76 0 27 57 47 41 24
36 59 82 31 35 68 48 -1 0 93 47 25 98 6 9 26
23 48 35 52 1 28 91 11 -1 91 39 13 90 80 90 79
91 72 10 26 92 58 58 92 3 -1 69 2 16 78 28 91
26 15 43 79 44 34 91 0 77 82 -1 20 14 56 99 6
80 9 84 72 19 95 16 23 52 85 77 -1 63 5 12 41
20 7 21 64 94 64 17 23 98 83 95 12 -1 94 70 19
55 55 43 75 50 59 50 54 44 79 27 7 84 -1 48 56
98 21 73 44 85 90 20 83 73 15 48 12 10 18 -1 65
73 26 92 75 85 94 30 29 73 57 88 9 48 88 18 -1
