64
-1 84 28 95 30 81 14 9 1 22 20 45 80 83 50 21 14 28 53 62 51 7 40 73 48 87 48 13 62 8 87 90 92 15 37 74 48 52 84 49 26 4 95 58 39 45 79 6 26 85 68 77 92 60 50 92 48 50 57 10 58 44 53 3
11 -1 77 59 94 13 61 72 18 56 30 9 53 62 15 79 47 35 8 39 48 10 84 96 60 41 58 71 38 11 74 1 54 51 61 0 65 22 25 35 30 7 44 83 69 12 15 68 99 23 60 99 34 44 95 46 37 54 17 75 17 91 29 23
43 90 -1 60 64 1 95 46 8 91 81 30 55 96 98 7 72 58 6 6 2 54 52 92 60 70 19 77 61 48 53 56 90 29 16 6 30 63 52 90 55 86 72 62 82 71 69 6 81 28 12 36 82 17 28 42 39 47 71 52 96 24 9 86
53 77 45 -1 41 97 78 48 83 50 10 18 73 32 76 55 60 89 91 94 58 19 36 49 66 59 1 14 84 62 53 89 40 98 77 81 47 7 81 83 57 91 53 31 75 29 38 87 70 29 81 28 0 69 77 18 29 31 33 65 93 38 6 33
36 83 66 83 -1 47 66 0 91 71 83 18 1 73 6 71 2 39 52 2 9 29 20 90 12 5 7 6 43 13 91 79 49 10 15 91 9 33 43 0 5 78 71 6 51 77 77 53 68 29 7 29 11 80 71 75 85 78 81 29 44 25 60 93
35 75 36 44 9 -1 97 14 58 68 72 10 97 1 15 65 83 75 95 46 55 66 21 40 97 3 69 41 28 82 34 15 57 22 59 18 2 56 84 13 24 56 75 73 58 42 39 93 17 86 39 72 4 60 65 1 15 86 94 95 68 80 10 26
3 70 44 5 78 29 -1 55 37 45 28 47 88 19 40 5 5 79 30 62 92 95 15 7 81 10 55 2 90 65 28 93 87 24 51 66 5 21 73 43 19 1 42 7 21 83 64 78 14 46 40 58 41 56 18 75 66 73 77 8 90 57 54 78
33 5 96 39 78 69 34 -1 70 76 56 43 11 73 22 78 19 14 36 13 70 54 40 88 27 69 49 70 26 3 48 59 60 96 50 90 65 84 40 87 13 48 83 24 21 5 54 93 71 91 6 42 97 98 82 77 67 83 47 93 86 47 4 98
43 55 89 60 91 29 47 4 -1 30 81 51 87 35 96 59 78 54 53 76 52 87 53 19 71 52 64 9 99 68 8 42 75 97 2 67 78 1 71 7 84 4 10 23 40 6 34 70 60 39 46 64 27 51 35 50 3 99 11 2 20 19 96 95
68 98 62 98 52 86 58 36 90 -1 11 30 27 46 1 39 85 99 4 64 51 39 66 6 91 78 61 11 49 57 58 18 56 21 68 60 7 26 48 49 47 59 32 74 5 85 65 43 84 21 59 87 13 26 46 4 56 7 67 5 64 25 75 72
46 44 32 5 70 80 55 17 40 87 -1 97 24 61 92 8 82 52 48 95 30 94 51 38 1 18 43 65 44 19 38 42 15 22 0 85 3 55 55 95 94 50 44 70 11 37 78 46 41 78 93 23 72 45 61 25 63 4 43 59 75 33 2 90
55 2 28 10 9 35 57 55 85 2 25 -1 91 55 47 84 34 40 7 58 37 68 36 53 24 79 12 52 12 66 42 67 20 22 30 81 57 87 88 95 89 65 96 32 21 43 16 7 35 23 17 25 43 53 78 20 32 42 72 44 61 14 64 81
37 94 15 46 33 3 41 75 69 89 7 42 -1 76 1 20 51 18 45 95 72 75 15 56 17 87 53 78 53 69 12 42 15 27 89 48 82 82 23 3 72 83 45 56 59 46 76 10 17 73 57 41 48 24 97 66 11 2 96 17 71 8 59 86
87 0 87 70 83 62 73 55 45 71 63 56 69 -1 19 86 65 76 27 14 1 77 32 64 79 28 81 3 37 93 41 76 93 28 46 28 91 72 35 88 43 99 45 12 91 16 51 56 92 78 70 45 7 2 10 87 83 43 90 72 88 31 48 34
12 47 14 55 19 50 95 14 1 92 78 92 8 29 -1 1 60 71 98 67 25 8 6 60 4 96 32 44 80 33 30 44 80 45 51 51 47 46 65 48 39 43 40 47 25 40 0 37 63 99 4 41 59 11 1 15 59 34 60 91 67 42 35 99
87 38 50 34 85 15 34 76 10 74 23 87 67 76 24 -1 75 81 23 34 92 25 2 3 11 14 95 30 56 82 29 44 21 79 30 58 46 65 34 8 91 57 96 10 33 72 93 60 53 16 47 45 93 49 1 4 63 96 86 19 30 15 15 3
46 46 61 92 11 95 53 54 5 49 65 90 21 58 51 27 -1 98 72 20 99 25 76 62 21 63 33 4 30 49 7 77 47 69 21 10 64 74 64 21 75 29 12 49 39 15 76 66 65 48 86 64 26 14 78 99 29 11 3 60 12 11 89 59
32 62 69 48 37 86 70 64 15 82 13 55 97 89 73 62 90 -1 78 16 25 56 15 55 19 19 67 32 82 8 43 14 70 13 62 59 51 32 24 66 66 37 73 15 27 46 77 69 57 55 85 35 63 0 42 83 71 61 15 53 69 58 67 91
23 30 51 26 14 27 93 81 16 18 96 95 17 26 64 74 33 49 -1 97 50 3 32 21 64 99 27 33 9 94 77 85 76 80 11 43 7 56 24 23 75 72 19 92 50 35 18 84 85 80 33 87 83 17 60 48 16 87 33 25 34 62 10 10
42 22 53 49 30 29 25 5 54 96 49 4 31 68 40 16 48 25 55 -1 42 16 83 10 55 69 36 89 31 98 52 74 72 5 75 3 87 0 60 41 96 10 45 80 78 38 96 78 63 52 13 58 20 97 68 75 18 56 65 49 55 69 75 79
74 51 34 13 3 95 54 0 5 52 80 35 90 28 65 5 32 78 63 4 -1 32 80 45 40 97 47 95 66 22 27 92 25 61 6 29 56 12 81 13 64 13 48 6 41 65 12 26 44 27 30 23 11 62 69 52 11 68 99 29 42 26 74 68
88 32 97 96 44 78 10 61 43 10 19 84 76 83 62 72 11 45 95 22 7 -1 74 71 84 26 52 79 52 26 47 92 58 96 89 55 26 51 16 69 13 87 5 89 71 68 13 82 13 9 56 72 77 83 95 14 9 48 93 61 26 40 54 85
36 95 40 14 98 8 83 11 95 88 1 66 8 14 0 21 75 57 46 53 92 93 -1 1 41 60 14 68 52 20 5 40 67 97 54 65 5 37 77 52 77 30 71 86 44 71 59 72 80 57 25 24 51 44 25 44 4 92 64 8 12 69 48 80
66 2 45 23 91 74 28 68 4 99 6 1 22 18 73 55 75 50 79 78 94 57 23 -1 1 87 58 13 57 58 45 75 60 43 51 3 17 79 23 74 30 30 75 52 48 0 59 75 50 91 54 96 0 77 46 1 16 56 66 25 14 12 1 26
55 4 81 24 83 4 98 65 34 25 17 34 25 29 62 75 72 16 23 72 45 21 73 61 -1 39 39 43 3 92 21 10 96 2 87 31 7 85 96 93 63 65 80 88 94 42 16 66 10 39 90 55 61 63 68 90 55 7 86 58 51 59 21 47
62 8 78 21 93 74 14 8 40 46 97 86 40 13 53 50 4 95 57 17 59 78 60 66 37 -1 76 89 5 97 36 19 5 67 40 51 41 7 59 81 53 56 20 46 21 25 96 78 20 6 95 79 84 55 97 21 1 74 62 59 71 51 78 77
18 19 80 59 78 39 93 83 48 13 29 69 38 26 47 10 84 95 90 68 50 39 41 4 13 4 -1 85 7 93 14 25 64 94 84 42 33 29 26 33 94 7 3 84 33 2 95 17 97 85 37 0 24 31 4 90 87 19 75 94 64 41 19 29
35 55 23 20 85 1 6 79 9 9 64 94 63 59 64 13 96 1 13 72 32 69 62 19 40 89 13 -1 82 84 33 69 40 57 42 77 10 48 8 19 9 72 14 72 83 78 37 31 31 50 56 64 71 70 35 11 60 1 16 94 85 1 64 77
10 6 54 21 54 63 40 63 87 6 87 23 84 25 54 16 27 10 32 99 81 19 62 93 20 30 39 58 -1 3 87 94 61 42 67 67 57 60 30 96 66 70 19 3 95 26 71 22 88 3 73 69 74 36 14 95 66 6 5 50 9 92 97 71
86 16 90 95 76 21 92 95 43 63 98 38 89 21 12 78 76 86 99 50 74 66 97 92 72 2 95 33 47 -1 56 33 60 47 81 37 20 73 32 63 88 82 1 78 3 65 8 79 3 7 81 77 25 79 22 97 81 17 83 80 61 39 14 73
86 95 10 6 20 94 69 8 28 22 38 83 88 46 14 91 6 96 21 83 75 43 33 8 12 16 89 73 55 55 -1 42 2 9 0 22 55 70 82 36 44 73 19 32 71 34 76 29 30 97 13 57 92 46 65 4 14 6 29 69 61 27 63 63
88 64 37 96 34 72 32 30 97 51 63 68 85 91 98 67 40 63 24 32 61 42 88 75 0 17 96 62 96 60 77 -1 24 67 33 10 91 65 40 88 16 55 56 54 46 6 73 38 21 50 70 82 44 58 9 44 27 6 6 76 18 36 13 94
55 46 4 46 11 96 34 79 4 42 85 2 1 59 41 22 61 63 5 5 74 66 49 1 72 8 77 90 44 42 84 51 -1 40 97 51 89 83 31 93 25 68 47 26 79 88 1 40 4 6 45 78 24 95 31 49 3 61 39 99 3 76 2 92
68 99 43 9 82 26 54 59 47 2 38 26 42 39 67 46 97 64 24 21 59 56 70 14 17 62 65 20 90 67 64 10 18 -1 20 0 38 26 12 85 28 50 12 23 41 31 69 38 95 46 11 7 54 34 21 23 96 39 95 38 6 60 48 25
20 20 77 10 47 41 96 27 43 60 50 84 91 72 74 86 70 38 45 24 72 67 47 68 58 42 58 64 54 58 41 26 79 71 -1 78 64 33 5 8 45 8 44 36 32 19 74 2 57 20 78 29 39 77 49 97 19 59 13 26 17 7 52 96
30 41 26 94 26 32 54 71 92 99 7 24 70 34 78 27 6 8 8 97 85 9 94 56 68 59 82 85 18 87 34 48 28 60 95 -1 44 49 26 88 48 86 64 18 72 42 97 78 50 57 75 87 18 21 44 38 32 78 76 51 65 62 51 94
22 46 49 19 48 27 7 96 13 72 67 85 66 16 15 69 26 90 56 96 63 52 35 96 31 11 47 96 25 98 42 47 97 91 18 45 -1 26 93 36 50 12 74 16 81 89 37 7 32 94 3 95 98 90 91 29 53 90 26 78 41 68 78 90
12 96 35 35 74 80 71 24 93 45 93 74 87 30 81 19 76 36 66 27 27 10 56 80 0 34 59 93 55 37 83 67 85 18 2 60 99 -1 36 44 71 29 18 10 12 51 29 40 87 47 67 66 57 24 99 10 10 58 3 65 47 39 84 32
57 86 92 8 64 29 4 87 10 22 97 74 25 78 15 65 25 34 31 83 10 30 93 21 40 48 86 87 87 71 72 97 9 16 57 73 97 62 -1 8 36 9 34 62 87 49 27 13 84 10 48 94 41 93 67 33 41 54 73 29 77 45 26 86
13 83 12 11 97 24 71 34 86 5 96 25 7 75 90 43 85 38 89 78 31 57 64 73 63 37 54 40 34 80 78 47 15 90 10 13 67 33 47 -1 91 95 78 50 70 69 93 7 59 82 38 43 91 2 16 54 91 70 46 25 2 25 24 17
67 87 30 34 72 77 39 63 24 70 13 46 91 6 6 50 41 44 93 84 98 61 91 41 83 37 66 85 14 42 3 82 81 85 68 54 15 8 17 39 -1 83 86 21 41 92 71 82 88 17 19 86 78 10 27 14 99 45 99 66 39 54 0 73
40 68 27 55 28 96 46 58 79 84 79 21 76 3 55 16 72 26 54 2 88 33 16 88 30 16 6 70 22 6 95 62 26 22 69 55 70 68 65 50 52 -1 23 81 0 78 97 72 57 52 74 45 85 43 85 68 59 91 90 33 97 85 48 24
59 17 31 29 37 96 79 90 93 54 71 45 85 20 17 42 24 44 87 62 87 73 30 98 64 20 31 14 5 79 90 64 49 21 93 86 69 25 28 15 79 51 -1 64 72 30 58 96 26 46 58 13 19 40 63 35 60 46 1 65 78 91 81 27
64 27 65 86 52 46 1 83 97 61 0 21 91 58 18 17 56 28 82 27 21 97 63 81 44 16 99 74 8 80 53 24 7 18 10 11 16 11 95 14 25 47 35 -1 5 5 38 62 86 72 41 7 70 4 40 66 21 39 40 81 72 93 57 79
63 68 43 80 31 38 46 56 37 81 77 42 39 15 56 77 87 98 36 9 54 76 75 27 16 67 60 40 12 18 19 76 86 14 8 69 4 54 78 41 87 55 84 78 -1 92 55 61 42 91 71 97 20 98 76 36 18 37 76 30 7 47 58 93
14 66 14 18 72 92 60 12 47 96 90 21 88 98 83 31 41 54 80 61 4 56 49 22 45 77 53 52 77 11 97 91 30 12 9 2 4 69 14 4 17 57 25 6 55 -1 89 96 14 21 10 19 77 59 93 75 89 46 27 66 10 77 9 92
89 18 94 45 40 61 1 57 18 79 15 25 39 56 73 6 77 83 77 7 95 70 82 36 69 61 54 79 38 63 71 79 33 17 77 73 30 30 83 48 61 50 25 1 7 51 -1 84 86 84 91 81 6 73 69 75 87 23 6 77 86 29 57 20
47 86 45 29 68 28 30 30 31 55 83 38 6 90 22 93 26 14 26 32 39 96 8 26 71 66 4 58 96 13 30 95 51 75 24 19 56 54 1 87 10 84 25 68 26 99 13 -1 65 40 37 5 88 97 83 59 63 39 69 11 4 51 6 7
27 31 79 35 37 80 74 99 65 51 68 43 50 81 48 16 73 85 73 13 34 8 25 97 48 94 61 4 98 67 12 25 50 91 12 88 71 86 39 88 37 7 32 39 41 80 7 66 -1 80 80 51 89 57 0 89 3 61 45 1 81 57 78 31
0 90 71 72 28 11 12 17 70 96 57 63 28 64 82 97 97 14 48 38 71 1 79 74 62 24 28 43 34 6 27 34 97 50 58 77 13 71 95 84 19 52 99 0 68 81 97 17 95 -1 55 18 99 34 45 13 11 73 9 45 79 36 79 28
38 38 6 52 61 1 88 80 5 39 32 73 21 30 91 68 80 98 87 79 85 84 44 96 57 53 93 36 41 72 17 80 62 23 84 23 76 72 56 81 11 88 6 84 70 49 5 50 0 44 -1 85 28 26 33 85 79 26 73 73 50 90 53 13
65 89 36 41 13 92 74 24 33 33 61 3 34 66 54 34 62 35 19 90 61 4 75 93 30 0 66 81 91 71 94 56 60 82 50 73 75 24 49 8 9 62 63 44 28 17 78 90 5 50 32 -1 6 59 11 37 60 77 70 3 0 16 59 60
98 61 85 25 38 35 85 47 49 49 91 78 18 22 20 23 24 5 42 30 64 53 19 24 83 89 27 83 57 39 96 8 0 81 85 38 68 71 38 18 72 81 48 90 55 20 66 79 25 8 62 42 -1 81 18 96 23 46 32 80 37 28 40 89
61 26 80 30 97 18 0 21 51 48 63 7 20 29 86 98 37 48 40 3 82 58 99 5 56 83 37 45 11 78 35 73 4 15 55 53 85 7 74 88 7 89 95 27 19 34 25 8 34 17 11 16 76 -1 73 84 46 11 30 10 41 65 35 45
32 90 50 69 97 76 57 4 65 5 83 84 39 61 45 73 78 56 42 6 71 15 91 18 26 73 80 67 90 15 64 22 57 66 43 54 42 52 10 8 57 93 44 96 6 89 22 85 98 64 91 69 31 34 -1 10 7 19 77 97 34 94 71 91
60 14 97 55 67 59 63 76 5 59 25 11 1 47 96 99 63 40 68 94 74 8 4 82 79 34 79 66 80 3 9 92 17 7 47 36 18 62 65 23 22 90 87 23 89 35 74 52 75 42 98 2 2 55 36 -1 41 67 0 21 70 9 13 88
68 13 76 87 75 41 62 49 31 49 24 20 37 98 24 12 93 23 66 95 30 2 29 71 70 81 44 40 91 57 80 59 22 9 98 98 50 61 47 34 62 24 6 99 22 31 64 15 6 30 11 36 33 92 59 55 -1 3 47 17 12 28 28 35
37 27 85 39 40 84 73 2 8 80 54 31 63 18 46 21 48 9 9 33 54 68 40 80 23 88 49 35 68 77 22 57 4 59 96 44 44 22 99 52 54 53 35 17 71 34 38 71 95 47 57 49 67 97 81 90 85 -1 77 5 8 52 62 64
11 59 9 55 81 60 60 35 13 95 4 36 81 42 7 77 41 64 26 60 14 60 50 51 90 79 57 50 31 19 15 43 30 24 98 63 84 10 50 49 6 54 85 39 48 44 16 41 61 95 1 75 55 51 26 97 31 35 -1 14 7 63 57 37
39 56 53 23 18 3 24 76 58 9 16 6 53 32 48 14 79 49 41 34 53 20 32 36 55 32 50 14 95 8 52 34 16 5 9 34 60 33 11 18 94 79 77 47 11 25 14 91 26 55 77 31 75 61 67 83 93 70 97 -1 30 1 74 98
58 83 84 19 68 95 89 62 26 66 10 38 43 76 81 70 31 58 53 59 72 73 94 65 43 91 6 25 45 80 23 3 64 7 74 32 55 64 47 81 30 9 71 26 85 52 48 68 63 1 27 35 74 21 52 69 65 58 94 10 -1 17 65 55
77 92 39 32 56 86 13 38 95 37 64 80 89 64 49 4 66 28 91 92 2 44 62 67 2 8 29 93 78 94 48 55 86 40 39 94 26 52 85 22 89 1 54 31 66 55 87 84 84 79 76 38 23 90 5 77 99 86 23 29 32 -1 84 71
63 23 65 90 27 2 64 69 4 70 52 70 26 39 54 62 18 82 0 93 73 57 23 24 43 46 53 75 69 89 46 85 64 64 27 43 66 91 64 22 61 16 44 39 8 98 1 26 33 1 72 6 58 95 82 1 93 87 29 14 28 75 -1 44
91 26 87 58 69 4 32 83 20 77 22 80 27 24 7 60 77 31 18 88 78 0 89 71 39 70 85 67 98 37 63 89 63 51 99 33 55 32 16 27 9 38 8 36 14 67 49 44 50 67 32 28 20 21 51 59 44 88 79 42 25 42 31 -1
