32
-1 24 27 3 19 34 1 52 45 46 84 74 50 69 87 0 23 39 12 28 99 78 94 88 56 99 59 84 87 33 59 14
10 -1 70 81 72 71 34 70 69 18 96 71 39 83 72 63 74 36 91 73 66 37 61 74 36 20 59 75 6 70 42 68
60 12 -1 33 35 83 55 5 53 51 76 93 86 0 8 60 89 51 33 55 40 46 30 28 18 41 55 24 63 97 92 23
61 94 56 -1 29 63 2 83 14 30 28 0 31 88 12 20 91 45 75 31 43 57 11 62 50 66 38 13 64 83 37 77
77 45 74 6 -1 28 41 75 59 21 28 90 9 40 62 0 38 37 83 81 47 94 95 97 61 34 63 77 17 0 54 46
97 81 4 58 9 -1 34 68 19 62 10 81 2 72 81 40 62 17 74 9 11 69 58 24 55 21 53 24 73 60 70 71
41 75 29 2 73 15 -1 44 29 81 25 32 54 59 24 68 76 50 77 39 72 87 16 27 61 69 52 34 81 74 57 22
49 39 25 74 6 48 19 -1 81 44 20 87 55 96 55 31 47 84 23 71 72 39 98 33 60 2 19 42 77 29 16 78
68 93 53 26 41 24 62 75 -1 82 62 76 79 18 7 78 54 82 49 26 21 47 11 82 2 83 76 79 12 92 57 32
86 62 58 79 86 73 54 59 55 -1 35 34 39 94 64 93 77 13 72 98 13 35 32 15 18 8 46 82 53 3 66 91
18 77 70 56 50 77 15 5 98 50 -1 37 45 56 82 22 22 54 72 35 42 57 50 60 17 96 95 70 51 13 61 21
90 84 78 40 13 45 98 11 96 42 0 -1 50 82 67 72 89 39 7 31 48 9 43 66 57 90 36 61 4 50 82 94
86 12 87 51 58 37 14 6 31 14 99 81 -1 66 54 37 57 61 68 6 71 12 72 28 2 60 41 58 62 24 5 0
36 44 51 46 81 65 52 64 79 51 45 28 69 -1 65 27 13 86 85 84 50 57 64 4 69 6 63 32 82 68 32 70
12 36 17 45 1 69 9 33 21 6 61 90 6 78 -1 19 64 54 55 14 63 71 19 33 29 34 17 11 2 1 82 66
37 51 63 91 20 24 24 93 30 37 84 88 15 5 7 -1 60 14 98 75 86 69 60 67 3 77 31 5 31 65 23 68
16 38 11 36 62 35 30 45 72 66 33 40 71 93 72 83 -1 22 59 45 92 19 13 95 49 44 53 80 61 76 0 77
15 12 13 29 99 95 74 72 61 8 64 85 1 88 68 60 10 -1 6 2 51 71 98 52 67 51 32 28 79 84 5 46
48 70 76 48 66 50 72 79 10 36 16 11 24 37 72 34 68 30 -1 19 1 87 71 68 90 55 96 69 40 53 16 40
23 44 88 41 46 60 73 57 48 41 20 72 78 92 7 47 74 96 18 -1 83 90 95 73 97 43 94 89 96 62 30 72
6 70 65 5 31 90 62 79 84 82 4 14 27 63 13 1 59 32 29 94 -1 24 19 71 20 65 13 68 28 43 40 86
13 58 91 96 0 5 28 84 40 32 51 67 95 64 20 6 96 49 52 22 26 -1 94 46 88 7 14 68 2 7 7 15
17 50 64 17 56 92 54 96 76 5 15 71 69 35 29 18 85 33 40 63 56 86 -1 96 45 23 65 47 30 72 15 99
74 79 17 30 23 23 78 99 80 93 22 1 29 51 19 66 84 12 29 92 98 90 88 -1 65 5 43 48 29 10 47 4
41 64 34 64 39 65 63 19 58 85 21 39 88 92 57 72 4 38 16 3 28 5 99 46 -1 94 94 40 5 41 44 46
58 30 11 97 47 26 69 6 12 90 97 0 82 7 25 39 45 41 42 26 98 93 72 61 39 -1 53 96 59 49 95 17
31 58 67 79 84 36 85 96 78 34 49 12 41 74 51 39 67 45 17 18 90 41 79 30 59 32 -1 70 33 21 88 64
79 55 43 16 43 80 64 21 15 13 33 8 39 37 99 7 82 68 25 25 9 56 55 20 40 33 91 -1 7 31 37 38
38 81 54 81 13 19 54 28 84 39 89 24 76 40 83 11 9 60 36 70 16 43 91 8 76 34 81 83 -1 18 74 7
51 28 88 65 99 94 45 84 85 86 60 62 27 43 25 36 55 13 6 23 56 49 31 84 35 64 20 4 34 -1 11 86
74 51 3 74 45 48 10 31 87 70 45 14 65 22 50 72 35 8 95 43 10 78 27 45 42 47 2 76 41 13 -1 16
65 17 42 10 18 52 93 5 74 90 19 91 12 21 63 99 81 58 42 91 36 70 89 30 17 91 6 11 56 21 79 -1
